(kicad_pcb (version 20171130) (host pcbnew "(5.0.0-3-g5ebb6b6)")

  (general
    (thickness 1.6)
    (drawings 169)
    (tracks 115)
    (zones 0)
    (modules 21)
    (nets 16)
  )

  (page A4)
  (layers
    (0 F.Cu signal)
    (31 B.Cu signal)
    (32 B.Adhes user)
    (33 F.Adhes user)
    (34 B.Paste user)
    (35 F.Paste user)
    (36 B.SilkS user)
    (37 F.SilkS user)
    (38 B.Mask user)
    (39 F.Mask user)
    (40 Dwgs.User user)
    (41 Cmts.User user)
    (42 Eco1.User user)
    (43 Eco2.User user)
    (44 Edge.Cuts user)
    (45 Margin user)
    (46 B.CrtYd user)
    (47 F.CrtYd user)
    (48 B.Fab user)
    (49 F.Fab user)
  )

  (setup
    (last_trace_width 0.254)
    (user_trace_width 0.4)
    (trace_clearance 0.254)
    (zone_clearance 0.508)
    (zone_45_only no)
    (trace_min 0.2)
    (segment_width 0.15)
    (edge_width 0.15)
    (via_size 0.6)
    (via_drill 0.3)
    (via_min_size 0.4)
    (via_min_drill 0.3)
    (uvia_size 0.3)
    (uvia_drill 0.1)
    (uvias_allowed no)
    (uvia_min_size 0.2)
    (uvia_min_drill 0.1)
    (pcb_text_width 0.3)
    (pcb_text_size 1.5 1.5)
    (mod_edge_width 0.15)
    (mod_text_size 1 1)
    (mod_text_width 0.15)
    (pad_size 2.2 2.2)
    (pad_drill 2.2)
    (pad_to_mask_clearance 0.2)
    (aux_axis_origin 0 0)
    (visible_elements FFFFFF7F)
    (pcbplotparams
      (layerselection 0x010f0_ffffffff)
      (usegerberextensions false)
      (usegerberattributes false)
      (usegerberadvancedattributes false)
      (creategerberjobfile false)
      (excludeedgelayer true)
      (linewidth 0.100000)
      (plotframeref false)
      (viasonmask false)
      (mode 1)
      (useauxorigin false)
      (hpglpennumber 1)
      (hpglpenspeed 20)
      (hpglpendiameter 15.000000)
      (psnegative false)
      (psa4output false)
      (plotreference true)
      (plotvalue true)
      (plotinvisibletext false)
      (padsonsilk false)
      (subtractmaskfromsilk false)
      (outputformat 1)
      (mirror false)
      (drillshape 0)
      (scaleselection 1)
      (outputdirectory "Gerbers/"))
  )

  (net 0 "")
  (net 1 GND)
  (net 2 VDD)
  (net 3 VBAT)
  (net 4 RX)
  (net 5 TX)
  (net 6 STAT)
  (net 7 PROG)
  (net 8 "Net-(D2-Pad1)")
  (net 9 "Net-(D3-Pad2)")
  (net 10 V3_3)
  (net 11 "Net-(REG1-Pad4)")
  (net 12 "Net-(D4-Pad1)")
  (net 13 LED1)
  (net 14 LED2)
  (net 15 "Net-(BTU1-Pad34)")

  (net_class Default "This is the default net class."
    (clearance 0.254)
    (trace_width 0.254)
    (via_dia 0.6)
    (via_drill 0.3)
    (uvia_dia 0.3)
    (uvia_drill 0.1)
    (add_net GND)
    (add_net LED1)
    (add_net LED2)
    (add_net "Net-(BTU1-Pad34)")
    (add_net "Net-(D2-Pad1)")
    (add_net "Net-(D3-Pad2)")
    (add_net "Net-(D4-Pad1)")
    (add_net "Net-(REG1-Pad4)")
    (add_net PROG)
    (add_net RX)
    (add_net STAT)
    (add_net TX)
    (add_net V3_3)
    (add_net VBAT)
    (add_net VDD)
  )

  (module Custom_Footprint_Library:EGBT-045MS (layer F.Cu) (tedit 5E6A917F) (tstamp 5E766C9A)
    (at 114 107 270)
    (path /5E69D27D)
    (fp_text reference BTU1 (at 0 -28 270) (layer F.SilkS) hide
      (effects (font (size 1 1) (thickness 0.15)))
    )
    (fp_text value EGBT-045MS (at 0 2 270) (layer F.Fab) hide
      (effects (font (size 1 1) (thickness 0.15)))
    )
    (fp_text user CMD (at 4 -19.5 270 unlocked) (layer F.SilkS)
      (effects (font (size 0.8 0.8) (thickness 0.1)))
    )
    (fp_line (start 6.5 0) (end 6.5 -0.5) (layer F.SilkS) (width 0.15))
    (fp_line (start 6 0) (end 6.5 0) (layer F.SilkS) (width 0.15))
    (fp_line (start -6.5 0) (end -6 0) (layer F.SilkS) (width 0.15))
    (fp_line (start -6.5 -0.5) (end -6.5 0) (layer F.SilkS) (width 0.15))
    (fp_text user GND (at -4 -1.5 270 unlocked) (layer F.SilkS)
      (effects (font (size 0.8 0.8) (thickness 0.1)))
    )
    (fp_text user VDD (at -4 -3 270 unlocked) (layer F.SilkS)
      (effects (font (size 0.8 0.8) (thickness 0.1)))
    )
    (fp_text user TX (at -4.5 -19.5 270 unlocked) (layer F.SilkS)
      (effects (font (size 0.8 0.8) (thickness 0.1)))
    )
    (fp_text user RX (at -4.5 -18 270 unlocked) (layer F.SilkS)
      (effects (font (size 0.8 0.8) (thickness 0.1)))
    )
    (fp_line (start -2.5 -16.5) (end -2 -16.5) (layer F.SilkS) (width 0.15))
    (fp_line (start -2.5 -8.5) (end -2.5 -16.5) (layer F.SilkS) (width 0.15))
    (fp_line (start 5 -8.5) (end -2.5 -8.5) (layer F.SilkS) (width 0.15))
    (fp_line (start 5 -9) (end 5 -8.5) (layer F.SilkS) (width 0.15))
    (fp_line (start -2.5 -1.5) (end -2 -1.5) (layer F.SilkS) (width 0.15))
    (fp_line (start -2.5 -7) (end -2.5 -1.5) (layer F.SilkS) (width 0.15))
    (fp_line (start 5 -7) (end -2.5 -7) (layer F.SilkS) (width 0.15))
    (fp_line (start 5 -6.5) (end 5 -7) (layer F.SilkS) (width 0.15))
    (fp_line (start 5 -1.5) (end -2 -1.5) (layer F.SilkS) (width 0.15))
    (fp_line (start 5 -6.5) (end 5 -1.5) (layer F.SilkS) (width 0.15))
    (fp_line (start 3.5 -16.5) (end -2 -16.5) (layer F.SilkS) (width 0.15))
    (fp_line (start 5 -16.5) (end 5 -9) (layer F.SilkS) (width 0.15))
    (fp_line (start 5 -16.5) (end 3.5 -16.5) (layer F.SilkS) (width 0.15))
    (fp_line (start 6.5 -21.5) (end 6.5 -20.5) (layer F.SilkS) (width 0.15))
    (fp_line (start -6.5 -27) (end -6.5 -20.5) (layer F.SilkS) (width 0.15))
    (fp_line (start 6.5 -27) (end 6.5 -21.5) (layer F.SilkS) (width 0.15))
    (fp_line (start -5 -25.5) (end -6 -25.5) (layer F.SilkS) (width 0.15))
    (fp_line (start -5 -23) (end -5 -25.5) (layer F.SilkS) (width 0.15))
    (fp_line (start -4 -23) (end -5 -23) (layer F.SilkS) (width 0.15))
    (fp_line (start -4 -25.5) (end -4 -23) (layer F.SilkS) (width 0.15))
    (fp_line (start -2.5 -25.5) (end -4 -25.5) (layer F.SilkS) (width 0.15))
    (fp_line (start -2.5 -23) (end -2.5 -25.5) (layer F.SilkS) (width 0.15))
    (fp_line (start -1.5 -23) (end -2.5 -23) (layer F.SilkS) (width 0.15))
    (fp_line (start -1.5 -25.5) (end -1.5 -23) (layer F.SilkS) (width 0.15))
    (fp_line (start 0 -25.5) (end -1.5 -25.5) (layer F.SilkS) (width 0.15))
    (fp_line (start 0 -23) (end 0 -25.5) (layer F.SilkS) (width 0.15))
    (fp_line (start 1 -23) (end 0 -23) (layer F.SilkS) (width 0.15))
    (fp_line (start 1 -25.5) (end 1 -23) (layer F.SilkS) (width 0.15))
    (fp_line (start 2.5 -25.5) (end 1 -25.5) (layer F.SilkS) (width 0.15))
    (fp_line (start 2.5 -23) (end 2.5 -25.5) (layer F.SilkS) (width 0.15))
    (fp_line (start 3.5 -23) (end 2.5 -23) (layer F.SilkS) (width 0.15))
    (fp_line (start 3.5 -25.5) (end 3.5 -23) (layer F.SilkS) (width 0.15))
    (fp_line (start 5 -25.5) (end 3.5 -25.5) (layer F.SilkS) (width 0.15))
    (fp_line (start 5 -21.5) (end 5 -25.5) (layer F.SilkS) (width 0.15))
    (fp_line (start 6.5 -21.5) (end -6.5 -21.5) (layer F.SilkS) (width 0.15))
    (fp_line (start -6.5 -27) (end 6.5 -27) (layer F.SilkS) (width 0.15))
    (pad 34 smd rect (at 6.5 -19.5 270) (size 1.75 0.9) (layers F.Cu F.Paste F.Mask)
      (net 15 "Net-(BTU1-Pad34)"))
    (pad 33 smd rect (at 6.5 -18 270) (size 1.75 0.9) (layers F.Cu F.Paste F.Mask))
    (pad 32 smd rect (at 6.5 -16.5 270) (size 1.75 0.9) (layers F.Cu F.Paste F.Mask)
      (net 14 LED2))
    (pad 31 smd rect (at 6.5 -15 270) (size 1.75 0.9) (layers F.Cu F.Paste F.Mask)
      (net 13 LED1))
    (pad 30 smd rect (at 6.5 -13.5 270) (size 1.75 0.9) (layers F.Cu F.Paste F.Mask))
    (pad 29 smd rect (at 6.5 -12 270) (size 1.75 0.9) (layers F.Cu F.Paste F.Mask))
    (pad 28 smd rect (at 6.5 -10.5 270) (size 1.75 0.9) (layers F.Cu F.Paste F.Mask))
    (pad 27 smd rect (at 6.5 -9 270) (size 1.75 0.9) (layers F.Cu F.Paste F.Mask))
    (pad 26 smd rect (at 6.5 -7.5 270) (size 1.75 0.9) (layers F.Cu F.Paste F.Mask))
    (pad 25 smd rect (at 6.5 -6 270) (size 1.75 0.9) (layers F.Cu F.Paste F.Mask))
    (pad 24 smd rect (at 6.5 -4.5 270) (size 1.75 0.9) (layers F.Cu F.Paste F.Mask))
    (pad 23 smd rect (at 6.5 -3 270) (size 1.75 0.9) (layers F.Cu F.Paste F.Mask))
    (pad 22 smd rect (at 6.5 -1.5 270) (size 1.75 0.9) (layers F.Cu F.Paste F.Mask)
      (net 1 GND))
    (pad 13 smd rect (at -6.5 -1.5 270) (size 1.75 0.9) (layers F.Cu F.Paste F.Mask)
      (net 1 GND))
    (pad 12 smd rect (at -6.5 -3 270) (size 1.75 0.9) (layers F.Cu F.Paste F.Mask)
      (net 10 V3_3))
    (pad 11 smd rect (at -6.5 -4.5 270) (size 1.75 0.9) (layers F.Cu F.Paste F.Mask))
    (pad 10 smd rect (at -6.5 -6 270) (size 1.75 0.9) (layers F.Cu F.Paste F.Mask))
    (pad 9 smd rect (at -6.5 -7.5 270) (size 1.75 0.9) (layers F.Cu F.Paste F.Mask))
    (pad 8 smd rect (at -6.5 -9 270) (size 1.75 0.9) (layers F.Cu F.Paste F.Mask))
    (pad 7 smd rect (at -6.5 -10.5 270) (size 1.75 0.9) (layers F.Cu F.Paste F.Mask))
    (pad 6 smd rect (at -6.5 -12 270) (size 1.75 0.9) (layers F.Cu F.Paste F.Mask))
    (pad 5 smd rect (at -6.5 -13.5 270) (size 1.75 0.9) (layers F.Cu F.Paste F.Mask))
    (pad 4 smd rect (at -6.5 -15 270) (size 1.75 0.9) (layers F.Cu F.Paste F.Mask))
    (pad 21 smd rect (at 5.25 0) (size 1.25 0.9) (layers F.Cu F.Paste F.Mask)
      (net 1 GND))
    (pad 20 smd rect (at 3.75 0) (size 1.25 0.9) (layers F.Cu F.Paste F.Mask))
    (pad 19 smd rect (at 2.25 0) (size 1.25 0.9) (layers F.Cu F.Paste F.Mask))
    (pad 18 smd rect (at 0.75 0) (size 1.25 0.9) (layers F.Cu F.Paste F.Mask))
    (pad 17 smd rect (at -0.75 0) (size 1.25 0.9) (layers F.Cu F.Paste F.Mask))
    (pad 16 smd rect (at -2.25 0) (size 1.25 0.9) (layers F.Cu F.Paste F.Mask))
    (pad 15 smd rect (at -3.75 0) (size 1.25 0.9) (layers F.Cu F.Paste F.Mask))
    (pad 14 smd rect (at -5.25 0) (size 1.25 0.9) (layers F.Cu F.Paste F.Mask))
    (pad 3 smd rect (at -6.5 -16.5 270) (size 1.75 0.9) (layers F.Cu F.Paste F.Mask))
    (pad 2 smd rect (at -6.5 -18 270) (size 1.75 0.9) (layers F.Cu F.Paste F.Mask)
      (net 4 RX))
    (pad 1 smd rect (at -6.5 -19.5 270) (size 1.75 0.9) (layers F.Cu F.Paste F.Mask)
      (net 5 TX))
  )

  (module "Custom_Footprint_Library:JST Lipo Header (S2B-PH-SM4-TB)" (layer F.Cu) (tedit 5E4C3E70) (tstamp 5E4C440A)
    (at 106 112)
    (path /5E4B78CE)
    (fp_text reference JSTPH1 (at 0 4.25) (layer F.SilkS) hide
      (effects (font (size 1 1) (thickness 0.15)))
    )
    (fp_text value Conn_01x02 (at 0 6) (layer F.Fab) hide
      (effects (font (size 1 1) (thickness 0.15)))
    )
    (fp_line (start 2.25 -2) (end 4 -2) (layer F.SilkS) (width 0.15))
    (fp_line (start 2.25 -3) (end 2.25 -2) (layer F.SilkS) (width 0.15))
    (fp_line (start -2.25 -2) (end -4 -2) (layer F.SilkS) (width 0.15))
    (fp_line (start -2.25 -3) (end -2.25 -2) (layer F.SilkS) (width 0.15))
    (fp_line (start -3 -5) (end -4 -5) (layer F.SilkS) (width 0.15))
    (fp_line (start 4 -5) (end 3 -5) (layer F.SilkS) (width 0.15))
    (fp_line (start -4.5 3) (end -4 3) (layer F.SilkS) (width 0.15))
    (fp_line (start -4.5 -0.5) (end -4.5 3) (layer F.SilkS) (width 0.15))
    (fp_line (start -4 -0.5) (end -4.5 -0.5) (layer F.SilkS) (width 0.15))
    (fp_line (start 4.5 3) (end 4 3) (layer F.SilkS) (width 0.15))
    (fp_line (start 4.5 -0.5) (end 4.5 3) (layer F.SilkS) (width 0.15))
    (fp_line (start 4 -0.5) (end 4.5 -0.5) (layer F.SilkS) (width 0.15))
    (fp_line (start -3 -5) (end -3 -3) (layer F.SilkS) (width 0.15))
    (fp_line (start -4 -5) (end -4 -3) (layer F.SilkS) (width 0.15))
    (fp_line (start 3 -5) (end 3 -3) (layer F.SilkS) (width 0.15))
    (fp_line (start 4 -3) (end 4 -5) (layer F.SilkS) (width 0.15))
    (fp_line (start -2 -1) (end 2 -1) (layer F.SilkS) (width 0.15))
    (fp_line (start -4 -3) (end -4 -0.5) (layer F.SilkS) (width 0.15))
    (fp_line (start 4 -3) (end 4 -0.5) (layer F.SilkS) (width 0.15))
    (fp_line (start 2 -1) (end 2 3) (layer F.SilkS) (width 0.15))
    (fp_line (start -2 3) (end -2 -1) (layer F.SilkS) (width 0.15))
    (fp_line (start 1.5 1) (end 1.5 3) (layer F.SilkS) (width 0.15))
    (fp_line (start 0.5 1) (end 1.5 1) (layer F.SilkS) (width 0.15))
    (fp_line (start 0.5 3) (end 0.5 1) (layer F.SilkS) (width 0.15))
    (fp_line (start -0.5 1) (end -0.5 3) (layer F.SilkS) (width 0.15))
    (fp_line (start -1.5 1) (end -0.5 1) (layer F.SilkS) (width 0.15))
    (fp_line (start -1.5 3) (end -1.5 1) (layer F.SilkS) (width 0.15))
    (fp_line (start 2 -5.25) (end 2.5 -5.25) (layer F.SilkS) (width 0.15))
    (fp_line (start -2.25 -5.5) (end -2.25 -5) (layer F.SilkS) (width 0.15))
    (fp_line (start -2.5 -5.25) (end -2 -5.25) (layer F.SilkS) (width 0.15))
    (fp_line (start -4 -3) (end 4 -3) (layer F.SilkS) (width 0.15))
    (fp_line (start 0 3) (end 4 3) (layer F.SilkS) (width 0.15))
    (fp_line (start 0 3) (end -4 3) (layer F.SilkS) (width 0.15))
    (pad "" connect rect (at 3.25 1.25) (size 1.5 3) (layers F.Cu F.Mask))
    (pad "" connect rect (at -3.25 1.25) (size 1.5 3) (layers F.Cu F.Mask))
    (pad 2 smd rect (at 1 -4.5) (size 1 2.8) (layers F.Cu F.Paste F.Mask)
      (net 1 GND))
    (pad 1 smd rect (at -1 -4.5) (size 1 2.8) (layers F.Cu F.Paste F.Mask)
      (net 3 VBAT))
  )

  (module Capacitor_SMD:C_0603_1608Metric (layer F.Cu) (tedit 5E4B8CCF) (tstamp 5E4B89DA)
    (at 103 100.7875 90)
    (descr "Capacitor SMD 0603 (1608 Metric), square (rectangular) end terminal, IPC_7351 nominal, (Body size source: http://www.tortai-tech.com/upload/download/2011102023233369053.pdf), generated with kicad-footprint-generator")
    (tags capacitor)
    (path /5E4B72EC)
    (attr smd)
    (fp_text reference C1 (at -2.4625 0 270) (layer F.SilkS) hide
      (effects (font (size 1 1) (thickness 0.15)))
    )
    (fp_text value 10uF (at 0 1.43 90) (layer F.Fab) hide
      (effects (font (size 1 1) (thickness 0.15)))
    )
    (fp_line (start -0.8 0.4) (end -0.8 -0.4) (layer F.Fab) (width 0.1))
    (fp_line (start -0.8 -0.4) (end 0.8 -0.4) (layer F.Fab) (width 0.1))
    (fp_line (start 0.8 -0.4) (end 0.8 0.4) (layer F.Fab) (width 0.1))
    (fp_line (start 0.8 0.4) (end -0.8 0.4) (layer F.Fab) (width 0.1))
    (fp_line (start -0.162779 -0.51) (end 0.162779 -0.51) (layer F.SilkS) (width 0.12))
    (fp_line (start -0.162779 0.51) (end 0.162779 0.51) (layer F.SilkS) (width 0.12))
    (fp_line (start -1.48 0.73) (end -1.48 -0.73) (layer F.CrtYd) (width 0.05))
    (fp_line (start -1.48 -0.73) (end 1.48 -0.73) (layer F.CrtYd) (width 0.05))
    (fp_line (start 1.48 -0.73) (end 1.48 0.73) (layer F.CrtYd) (width 0.05))
    (fp_line (start 1.48 0.73) (end -1.48 0.73) (layer F.CrtYd) (width 0.05))
    (fp_text user %R (at 0 0 90) (layer F.Fab)
      (effects (font (size 0.4 0.4) (thickness 0.06)))
    )
    (pad 1 smd roundrect (at -0.7875 0 90) (size 0.875 0.95) (layers F.Cu F.Paste F.Mask) (roundrect_rratio 0.25)
      (net 1 GND))
    (pad 2 smd roundrect (at 0.7875 0 90) (size 0.875 0.95) (layers F.Cu F.Paste F.Mask) (roundrect_rratio 0.25)
      (net 2 VDD))
    (model ${KISYS3DMOD}/Capacitor_SMD.3dshapes/C_0603_1608Metric.wrl
      (at (xyz 0 0 0))
      (scale (xyz 1 1 1))
      (rotate (xyz 0 0 0))
    )
  )

  (module Capacitor_SMD:C_0603_1608Metric (layer F.Cu) (tedit 5E4B8CC5) (tstamp 5E4B99A4)
    (at 103 104.25 90)
    (descr "Capacitor SMD 0603 (1608 Metric), square (rectangular) end terminal, IPC_7351 nominal, (Body size source: http://www.tortai-tech.com/upload/download/2011102023233369053.pdf), generated with kicad-footprint-generator")
    (tags capacitor)
    (path /5E4B7CFC)
    (attr smd)
    (fp_text reference C2 (at 0 -1.43 90) (layer F.SilkS) hide
      (effects (font (size 1 1) (thickness 0.15)))
    )
    (fp_text value 10uF (at 0 1.43 90) (layer F.Fab) hide
      (effects (font (size 1 1) (thickness 0.15)))
    )
    (fp_text user %R (at 0 0 90) (layer F.Fab)
      (effects (font (size 0.4 0.4) (thickness 0.06)))
    )
    (fp_line (start 1.48 0.73) (end -1.48 0.73) (layer F.CrtYd) (width 0.05))
    (fp_line (start 1.48 -0.73) (end 1.48 0.73) (layer F.CrtYd) (width 0.05))
    (fp_line (start -1.48 -0.73) (end 1.48 -0.73) (layer F.CrtYd) (width 0.05))
    (fp_line (start -1.48 0.73) (end -1.48 -0.73) (layer F.CrtYd) (width 0.05))
    (fp_line (start -0.162779 0.51) (end 0.162779 0.51) (layer F.SilkS) (width 0.12))
    (fp_line (start -0.162779 -0.51) (end 0.162779 -0.51) (layer F.SilkS) (width 0.12))
    (fp_line (start 0.8 0.4) (end -0.8 0.4) (layer F.Fab) (width 0.1))
    (fp_line (start 0.8 -0.4) (end 0.8 0.4) (layer F.Fab) (width 0.1))
    (fp_line (start -0.8 -0.4) (end 0.8 -0.4) (layer F.Fab) (width 0.1))
    (fp_line (start -0.8 0.4) (end -0.8 -0.4) (layer F.Fab) (width 0.1))
    (pad 2 smd roundrect (at 0.7875 0 90) (size 0.875 0.95) (layers F.Cu F.Paste F.Mask) (roundrect_rratio 0.25)
      (net 1 GND))
    (pad 1 smd roundrect (at -0.7875 0 90) (size 0.875 0.95) (layers F.Cu F.Paste F.Mask) (roundrect_rratio 0.25)
      (net 3 VBAT))
    (model ${KISYS3DMOD}/Capacitor_SMD.3dshapes/C_0603_1608Metric.wrl
      (at (xyz 0 0 0))
      (scale (xyz 1 1 1))
      (rotate (xyz 0 0 0))
    )
  )

  (module Package_TO_SOT_SMD:SOT-23-5 (layer F.Cu) (tedit 5E4B8CBD) (tstamp 5E57AB9A)
    (at 108.25 101 180)
    (descr "5-pin SOT23 package")
    (tags SOT-23-5)
    (path /5E4B705D)
    (attr smd)
    (fp_text reference CGU1 (at 0 -2.9 180) (layer F.SilkS) hide
      (effects (font (size 1 1) (thickness 0.15)))
    )
    (fp_text value MCP73831-2-OT (at 0 2.9 180) (layer F.Fab) hide
      (effects (font (size 1 1) (thickness 0.15)))
    )
    (fp_text user %R (at 0 0 270) (layer F.Fab)
      (effects (font (size 0.5 0.5) (thickness 0.075)))
    )
    (fp_line (start -0.9 1.61) (end 0.9 1.61) (layer F.SilkS) (width 0.12))
    (fp_line (start 0.9 -1.61) (end -1.55 -1.61) (layer F.SilkS) (width 0.12))
    (fp_line (start -1.9 -1.8) (end 1.9 -1.8) (layer F.CrtYd) (width 0.05))
    (fp_line (start 1.9 -1.8) (end 1.9 1.8) (layer F.CrtYd) (width 0.05))
    (fp_line (start 1.9 1.8) (end -1.9 1.8) (layer F.CrtYd) (width 0.05))
    (fp_line (start -1.9 1.8) (end -1.9 -1.8) (layer F.CrtYd) (width 0.05))
    (fp_line (start -0.9 -0.9) (end -0.25 -1.55) (layer F.Fab) (width 0.1))
    (fp_line (start 0.9 -1.55) (end -0.25 -1.55) (layer F.Fab) (width 0.1))
    (fp_line (start -0.9 -0.9) (end -0.9 1.55) (layer F.Fab) (width 0.1))
    (fp_line (start 0.9 1.55) (end -0.9 1.55) (layer F.Fab) (width 0.1))
    (fp_line (start 0.9 -1.55) (end 0.9 1.55) (layer F.Fab) (width 0.1))
    (pad 1 smd rect (at -1.1 -0.95 180) (size 1.06 0.65) (layers F.Cu F.Paste F.Mask)
      (net 6 STAT))
    (pad 2 smd rect (at -1.1 0 180) (size 1.06 0.65) (layers F.Cu F.Paste F.Mask)
      (net 1 GND))
    (pad 3 smd rect (at -1.1 0.95 180) (size 1.06 0.65) (layers F.Cu F.Paste F.Mask)
      (net 3 VBAT))
    (pad 4 smd rect (at 1.1 0.95 180) (size 1.06 0.65) (layers F.Cu F.Paste F.Mask)
      (net 2 VDD))
    (pad 5 smd rect (at 1.1 -0.95 180) (size 1.06 0.65) (layers F.Cu F.Paste F.Mask)
      (net 7 PROG))
    (model ${KISYS3DMOD}/Package_TO_SOT_SMD.3dshapes/SOT-23-5.wrl
      (at (xyz 0 0 0))
      (scale (xyz 1 1 1))
      (rotate (xyz 0 0 0))
    )
  )

  (module LED_SMD:LED_0603_1608Metric (layer F.Cu) (tedit 5E4B8832) (tstamp 5E4BEDF3)
    (at 103.75 98 180)
    (descr "LED SMD 0603 (1608 Metric), square (rectangular) end terminal, IPC_7351 nominal, (Body size source: http://www.tortai-tech.com/upload/download/2011102023233369053.pdf), generated with kicad-footprint-generator")
    (tags diode)
    (path /5E4B8767)
    (attr smd)
    (fp_text reference D2 (at 0 -1.43 180) (layer F.SilkS) hide
      (effects (font (size 1 1) (thickness 0.15)))
    )
    (fp_text value CHG (at -3.5 0 180) (layer F.Fab) hide
      (effects (font (size 1 1) (thickness 0.15)))
    )
    (fp_text user %R (at 0 0 180) (layer F.Fab)
      (effects (font (size 0.4 0.4) (thickness 0.06)))
    )
    (fp_line (start 1.48 0.73) (end -1.48 0.73) (layer F.CrtYd) (width 0.05))
    (fp_line (start 1.48 -0.73) (end 1.48 0.73) (layer F.CrtYd) (width 0.05))
    (fp_line (start -1.48 -0.73) (end 1.48 -0.73) (layer F.CrtYd) (width 0.05))
    (fp_line (start -1.48 0.73) (end -1.48 -0.73) (layer F.CrtYd) (width 0.05))
    (fp_line (start -1.485 0.735) (end 0.8 0.735) (layer F.SilkS) (width 0.12))
    (fp_line (start -1.485 -0.735) (end -1.485 0.735) (layer F.SilkS) (width 0.12))
    (fp_line (start 0.8 -0.735) (end -1.485 -0.735) (layer F.SilkS) (width 0.12))
    (fp_line (start 0.8 0.4) (end 0.8 -0.4) (layer F.Fab) (width 0.1))
    (fp_line (start -0.8 0.4) (end 0.8 0.4) (layer F.Fab) (width 0.1))
    (fp_line (start -0.8 -0.1) (end -0.8 0.4) (layer F.Fab) (width 0.1))
    (fp_line (start -0.5 -0.4) (end -0.8 -0.1) (layer F.Fab) (width 0.1))
    (fp_line (start 0.8 -0.4) (end -0.5 -0.4) (layer F.Fab) (width 0.1))
    (pad 2 smd roundrect (at 0.7875 0 180) (size 0.875 0.95) (layers F.Cu F.Paste F.Mask) (roundrect_rratio 0.25)
      (net 2 VDD))
    (pad 1 smd roundrect (at -0.7875 0 180) (size 0.875 0.95) (layers F.Cu F.Paste F.Mask) (roundrect_rratio 0.25)
      (net 8 "Net-(D2-Pad1)"))
    (model ${KISYS3DMOD}/LED_SMD.3dshapes/LED_0603_1608Metric.wrl
      (at (xyz 0 0 0))
      (scale (xyz 1 1 1))
      (rotate (xyz 0 0 0))
    )
  )

  (module Connector_PinHeader_2.54mm:PinHeader_1x04_P2.54mm_Vertical (layer F.Cu) (tedit 5E4B85BA) (tstamp 5E57ABD8)
    (at 100 101.25)
    (descr "Through hole straight pin header, 1x04, 2.54mm pitch, single row")
    (tags "Through hole pin header THT 1x04 2.54mm single row")
    (path /5E4B7A25)
    (fp_text reference J1 (at 0 -2.33) (layer F.SilkS) hide
      (effects (font (size 1 1) (thickness 0.15)))
    )
    (fp_text value Conn_01x04 (at 0 9.95) (layer F.Fab) hide
      (effects (font (size 1 1) (thickness 0.15)))
    )
    (fp_line (start -0.635 -1.27) (end 1.27 -1.27) (layer F.Fab) (width 0.1))
    (fp_line (start 1.27 -1.27) (end 1.27 8.89) (layer F.Fab) (width 0.1))
    (fp_line (start 1.27 8.89) (end -1.27 8.89) (layer F.Fab) (width 0.1))
    (fp_line (start -1.27 8.89) (end -1.27 -0.635) (layer F.Fab) (width 0.1))
    (fp_line (start -1.27 -0.635) (end -0.635 -1.27) (layer F.Fab) (width 0.1))
    (fp_line (start -1.33 8.95) (end 1.33 8.95) (layer F.SilkS) (width 0.12))
    (fp_line (start -1.33 1.27) (end -1.33 8.95) (layer F.SilkS) (width 0.12))
    (fp_line (start 1.33 1.27) (end 1.33 8.95) (layer F.SilkS) (width 0.12))
    (fp_line (start -1.33 1.27) (end 1.33 1.27) (layer F.SilkS) (width 0.12))
    (fp_line (start -1.33 0) (end -1.33 -1.33) (layer F.SilkS) (width 0.12))
    (fp_line (start -1.33 -1.33) (end 0 -1.33) (layer F.SilkS) (width 0.12))
    (fp_line (start -1.8 -1.8) (end -1.8 9.4) (layer F.CrtYd) (width 0.05))
    (fp_line (start -1.8 9.4) (end 1.8 9.4) (layer F.CrtYd) (width 0.05))
    (fp_line (start 1.8 9.4) (end 1.8 -1.8) (layer F.CrtYd) (width 0.05))
    (fp_line (start 1.8 -1.8) (end -1.8 -1.8) (layer F.CrtYd) (width 0.05))
    (fp_text user %R (at 0 3.81 90) (layer F.Fab)
      (effects (font (size 1 1) (thickness 0.15)))
    )
    (pad 1 thru_hole rect (at 0 0) (size 1.7 1.7) (drill 1) (layers *.Cu *.Mask)
      (net 2 VDD))
    (pad 2 thru_hole oval (at 0 2.54) (size 1.7 1.7) (drill 1) (layers *.Cu *.Mask)
      (net 1 GND))
    (pad 3 thru_hole oval (at 0 5.08) (size 1.7 1.7) (drill 1) (layers *.Cu *.Mask)
      (net 5 TX))
    (pad 4 thru_hole oval (at 0 7.62) (size 1.7 1.7) (drill 1) (layers *.Cu *.Mask)
      (net 4 RX))
    (model ${KISYS3DMOD}/Connector_PinHeader_2.54mm.3dshapes/PinHeader_1x04_P2.54mm_Vertical.wrl
      (at (xyz 0 0 0))
      (scale (xyz 1 1 1))
      (rotate (xyz 0 0 0))
    )
  )

  (module Resistor_SMD:R_0603_1608Metric (layer F.Cu) (tedit 5E4B8AF6) (tstamp 5E57AC18)
    (at 107.5 98 180)
    (descr "Resistor SMD 0603 (1608 Metric), square (rectangular) end terminal, IPC_7351 nominal, (Body size source: http://www.tortai-tech.com/upload/download/2011102023233369053.pdf), generated with kicad-footprint-generator")
    (tags resistor)
    (path /5E4B896E)
    (attr smd)
    (fp_text reference R2 (at -2.5 0 180) (layer F.SilkS) hide
      (effects (font (size 1 1) (thickness 0.15)))
    )
    (fp_text value 1k (at 0 1.43 180) (layer F.Fab) hide
      (effects (font (size 1 1) (thickness 0.15)))
    )
    (fp_line (start -0.8 0.4) (end -0.8 -0.4) (layer F.Fab) (width 0.1))
    (fp_line (start -0.8 -0.4) (end 0.8 -0.4) (layer F.Fab) (width 0.1))
    (fp_line (start 0.8 -0.4) (end 0.8 0.4) (layer F.Fab) (width 0.1))
    (fp_line (start 0.8 0.4) (end -0.8 0.4) (layer F.Fab) (width 0.1))
    (fp_line (start -0.162779 -0.51) (end 0.162779 -0.51) (layer F.SilkS) (width 0.12))
    (fp_line (start -0.162779 0.51) (end 0.162779 0.51) (layer F.SilkS) (width 0.12))
    (fp_line (start -1.48 0.73) (end -1.48 -0.73) (layer F.CrtYd) (width 0.05))
    (fp_line (start -1.48 -0.73) (end 1.48 -0.73) (layer F.CrtYd) (width 0.05))
    (fp_line (start 1.48 -0.73) (end 1.48 0.73) (layer F.CrtYd) (width 0.05))
    (fp_line (start 1.48 0.73) (end -1.48 0.73) (layer F.CrtYd) (width 0.05))
    (fp_text user %R (at 0 0 180) (layer F.Fab)
      (effects (font (size 0.4 0.4) (thickness 0.06)))
    )
    (pad 1 smd roundrect (at -0.7875 0 180) (size 0.875 0.95) (layers F.Cu F.Paste F.Mask) (roundrect_rratio 0.25)
      (net 6 STAT))
    (pad 2 smd roundrect (at 0.7875 0 180) (size 0.875 0.95) (layers F.Cu F.Paste F.Mask) (roundrect_rratio 0.25)
      (net 8 "Net-(D2-Pad1)"))
    (model ${KISYS3DMOD}/Resistor_SMD.3dshapes/R_0603_1608Metric.wrl
      (at (xyz 0 0 0))
      (scale (xyz 1 1 1))
      (rotate (xyz 0 0 0))
    )
  )

  (module Resistor_SMD:R_0603_1608Metric (layer F.Cu) (tedit 5E4B8AEF) (tstamp 5E57AC29)
    (at 107.5 96 180)
    (descr "Resistor SMD 0603 (1608 Metric), square (rectangular) end terminal, IPC_7351 nominal, (Body size source: http://www.tortai-tech.com/upload/download/2011102023233369053.pdf), generated with kicad-footprint-generator")
    (tags resistor)
    (path /5E4B915B)
    (attr smd)
    (fp_text reference R3 (at -2.5 0 180) (layer F.SilkS) hide
      (effects (font (size 1 1) (thickness 0.15)))
    )
    (fp_text value 1k (at 0 1.43 180) (layer F.Fab) hide
      (effects (font (size 1 1) (thickness 0.15)))
    )
    (fp_text user %R (at 0 0 180) (layer F.Fab)
      (effects (font (size 0.4 0.4) (thickness 0.06)))
    )
    (fp_line (start 1.48 0.73) (end -1.48 0.73) (layer F.CrtYd) (width 0.05))
    (fp_line (start 1.48 -0.73) (end 1.48 0.73) (layer F.CrtYd) (width 0.05))
    (fp_line (start -1.48 -0.73) (end 1.48 -0.73) (layer F.CrtYd) (width 0.05))
    (fp_line (start -1.48 0.73) (end -1.48 -0.73) (layer F.CrtYd) (width 0.05))
    (fp_line (start -0.162779 0.51) (end 0.162779 0.51) (layer F.SilkS) (width 0.12))
    (fp_line (start -0.162779 -0.51) (end 0.162779 -0.51) (layer F.SilkS) (width 0.12))
    (fp_line (start 0.8 0.4) (end -0.8 0.4) (layer F.Fab) (width 0.1))
    (fp_line (start 0.8 -0.4) (end 0.8 0.4) (layer F.Fab) (width 0.1))
    (fp_line (start -0.8 -0.4) (end 0.8 -0.4) (layer F.Fab) (width 0.1))
    (fp_line (start -0.8 0.4) (end -0.8 -0.4) (layer F.Fab) (width 0.1))
    (pad 2 smd roundrect (at 0.7875 0 180) (size 0.875 0.95) (layers F.Cu F.Paste F.Mask) (roundrect_rratio 0.25)
      (net 9 "Net-(D3-Pad2)"))
    (pad 1 smd roundrect (at -0.7875 0 180) (size 0.875 0.95) (layers F.Cu F.Paste F.Mask) (roundrect_rratio 0.25)
      (net 6 STAT))
    (model ${KISYS3DMOD}/Resistor_SMD.3dshapes/R_0603_1608Metric.wrl
      (at (xyz 0 0 0))
      (scale (xyz 1 1 1))
      (rotate (xyz 0 0 0))
    )
  )

  (module Resistor_SMD:R_0603_1608Metric (layer F.Cu) (tedit 5E4B8C5B) (tstamp 5E595290)
    (at 108 103.75 180)
    (descr "Resistor SMD 0603 (1608 Metric), square (rectangular) end terminal, IPC_7351 nominal, (Body size source: http://www.tortai-tech.com/upload/download/2011102023233369053.pdf), generated with kicad-footprint-generator")
    (tags resistor)
    (path /5E4BA9FB)
    (attr smd)
    (fp_text reference RREF1 (at -3.75 0 180) (layer F.SilkS) hide
      (effects (font (size 1 1) (thickness 0.15)))
    )
    (fp_text value 5k (at 0 0) (layer F.Fab)
      (effects (font (size 1 1) (thickness 0.15)))
    )
    (fp_line (start -0.8 0.4) (end -0.8 -0.4) (layer F.Fab) (width 0.1))
    (fp_line (start -0.8 -0.4) (end 0.8 -0.4) (layer F.Fab) (width 0.1))
    (fp_line (start 0.8 -0.4) (end 0.8 0.4) (layer F.Fab) (width 0.1))
    (fp_line (start 0.8 0.4) (end -0.8 0.4) (layer F.Fab) (width 0.1))
    (fp_line (start -0.162779 -0.51) (end 0.162779 -0.51) (layer F.SilkS) (width 0.12))
    (fp_line (start -0.162779 0.51) (end 0.162779 0.51) (layer F.SilkS) (width 0.12))
    (fp_line (start -1.48 0.73) (end -1.48 -0.73) (layer F.CrtYd) (width 0.05))
    (fp_line (start -1.48 -0.73) (end 1.48 -0.73) (layer F.CrtYd) (width 0.05))
    (fp_line (start 1.48 -0.73) (end 1.48 0.73) (layer F.CrtYd) (width 0.05))
    (fp_line (start 1.48 0.73) (end -1.48 0.73) (layer F.CrtYd) (width 0.05))
    (fp_text user %R (at 0 0 180) (layer F.Fab)
      (effects (font (size 0.4 0.4) (thickness 0.06)))
    )
    (pad 1 smd roundrect (at -0.7875 0 180) (size 0.875 0.95) (layers F.Cu F.Paste F.Mask) (roundrect_rratio 0.25)
      (net 1 GND))
    (pad 2 smd roundrect (at 0.7875 0 180) (size 0.875 0.95) (layers F.Cu F.Paste F.Mask) (roundrect_rratio 0.25)
      (net 7 PROG))
    (model ${KISYS3DMOD}/Resistor_SMD.3dshapes/R_0603_1608Metric.wrl
      (at (xyz 0 0 0))
      (scale (xyz 1 1 1))
      (rotate (xyz 0 0 0))
    )
  )

  (module LED_SMD:LED_0603_1608Metric (layer F.Cu) (tedit 5E4B9FD7) (tstamp 5E57DB55)
    (at 103.75 96)
    (descr "LED SMD 0603 (1608 Metric), square (rectangular) end terminal, IPC_7351 nominal, (Body size source: http://www.tortai-tech.com/upload/download/2011102023233369053.pdf), generated with kicad-footprint-generator")
    (tags diode)
    (path /5E4B9154)
    (attr smd)
    (fp_text reference D3 (at 0 -1.43) (layer F.SilkS) hide
      (effects (font (size 1 1) (thickness 0.15)))
    )
    (fp_text value DONE (at 0 1.43) (layer F.Fab) hide
      (effects (font (size 1 1) (thickness 0.15)))
    )
    (fp_line (start 0.8 -0.4) (end -0.5 -0.4) (layer F.Fab) (width 0.1))
    (fp_line (start -0.5 -0.4) (end -0.8 -0.1) (layer F.Fab) (width 0.1))
    (fp_line (start -0.8 -0.1) (end -0.8 0.4) (layer F.Fab) (width 0.1))
    (fp_line (start -0.8 0.4) (end 0.8 0.4) (layer F.Fab) (width 0.1))
    (fp_line (start 0.8 0.4) (end 0.8 -0.4) (layer F.Fab) (width 0.1))
    (fp_line (start 0.8 -0.735) (end -1.485 -0.735) (layer F.SilkS) (width 0.12))
    (fp_line (start -1.485 -0.735) (end -1.485 0.735) (layer F.SilkS) (width 0.12))
    (fp_line (start -1.485 0.735) (end 0.8 0.735) (layer F.SilkS) (width 0.12))
    (fp_line (start -1.48 0.73) (end -1.48 -0.73) (layer F.CrtYd) (width 0.05))
    (fp_line (start -1.48 -0.73) (end 1.48 -0.73) (layer F.CrtYd) (width 0.05))
    (fp_line (start 1.48 -0.73) (end 1.48 0.73) (layer F.CrtYd) (width 0.05))
    (fp_line (start 1.48 0.73) (end -1.48 0.73) (layer F.CrtYd) (width 0.05))
    (fp_text user %R (at 0 0) (layer F.Fab)
      (effects (font (size 0.4 0.4) (thickness 0.06)))
    )
    (pad 1 smd roundrect (at -0.7875 0) (size 0.875 0.95) (layers F.Cu F.Paste F.Mask) (roundrect_rratio 0.25)
      (net 1 GND))
    (pad 2 smd roundrect (at 0.7875 0) (size 0.875 0.95) (layers F.Cu F.Paste F.Mask) (roundrect_rratio 0.25)
      (net 9 "Net-(D3-Pad2)"))
    (model ${KISYS3DMOD}/LED_SMD.3dshapes/LED_0603_1608Metric.wrl
      (at (xyz 0 0 0))
      (scale (xyz 1 1 1))
      (rotate (xyz 0 0 0))
    )
  )

  (module Diode_SMD:D_SOD-123F (layer F.Cu) (tedit 5E594C71) (tstamp 5E595183)
    (at 105 102.5 270)
    (descr D_SOD-123F)
    (tags D_SOD-123F)
    (path /5E4BA0EB)
    (attr smd)
    (fp_text reference D1 (at -0.127 -1.905 270) (layer F.SilkS) hide
      (effects (font (size 1 1) (thickness 0.15)))
    )
    (fp_text value D (at 0 2.1 270) (layer F.Fab) hide
      (effects (font (size 1 1) (thickness 0.15)))
    )
    (fp_text user %R (at -0.127 0 270) (layer F.Fab)
      (effects (font (size 1 1) (thickness 0.15)))
    )
    (fp_line (start -2.2 -1) (end -2.2 1) (layer F.SilkS) (width 0.12))
    (fp_line (start 0.25 0) (end 0.75 0) (layer F.Fab) (width 0.1))
    (fp_line (start 0.25 0.4) (end -0.35 0) (layer F.Fab) (width 0.1))
    (fp_line (start 0.25 -0.4) (end 0.25 0.4) (layer F.Fab) (width 0.1))
    (fp_line (start -0.35 0) (end 0.25 -0.4) (layer F.Fab) (width 0.1))
    (fp_line (start -0.35 0) (end -0.35 0.55) (layer F.Fab) (width 0.1))
    (fp_line (start -0.35 0) (end -0.35 -0.55) (layer F.Fab) (width 0.1))
    (fp_line (start -0.75 0) (end -0.35 0) (layer F.Fab) (width 0.1))
    (fp_line (start -1.4 0.9) (end -1.4 -0.9) (layer F.Fab) (width 0.1))
    (fp_line (start 1.4 0.9) (end -1.4 0.9) (layer F.Fab) (width 0.1))
    (fp_line (start 1.4 -0.9) (end 1.4 0.9) (layer F.Fab) (width 0.1))
    (fp_line (start -1.4 -0.9) (end 1.4 -0.9) (layer F.Fab) (width 0.1))
    (fp_line (start -2.2 -1.15) (end 2.2 -1.15) (layer F.CrtYd) (width 0.05))
    (fp_line (start 2.2 -1.15) (end 2.2 1.15) (layer F.CrtYd) (width 0.05))
    (fp_line (start 2.2 1.15) (end -2.2 1.15) (layer F.CrtYd) (width 0.05))
    (fp_line (start -2.2 -1.15) (end -2.2 1.15) (layer F.CrtYd) (width 0.05))
    (fp_line (start -2.2 1) (end 1.65 1) (layer F.SilkS) (width 0.12))
    (fp_line (start -2.2 -1) (end 1.65 -1) (layer F.SilkS) (width 0.12))
    (pad 1 smd rect (at -1.4 0 270) (size 1.1 1.1) (layers F.Cu F.Paste F.Mask)
      (net 2 VDD))
    (pad 2 smd rect (at 1.4 0 270) (size 1.1 1.1) (layers F.Cu F.Paste F.Mask)
      (net 3 VBAT))
    (model ${KISYS3DMOD}/Diode_SMD.3dshapes/D_SOD-123F.wrl
      (at (xyz 0 0 0))
      (scale (xyz 1 1 1))
      (rotate (xyz 0 0 0))
    )
  )

  (module Capacitor_SMD:C_0603_1608Metric (layer F.Cu) (tedit 5E69B52C) (tstamp 5E75F23E)
    (at 112 96 180)
    (descr "Capacitor SMD 0603 (1608 Metric), square (rectangular) end terminal, IPC_7351 nominal, (Body size source: http://www.tortai-tech.com/upload/download/2011102023233369053.pdf), generated with kicad-footprint-generator")
    (tags capacitor)
    (path /5E6A0668)
    (attr smd)
    (fp_text reference C3 (at 0 -1.43 180) (layer F.SilkS) hide
      (effects (font (size 1 1) (thickness 0.15)))
    )
    (fp_text value 1uF (at 0 1.43 180) (layer F.Fab) hide
      (effects (font (size 1 1) (thickness 0.15)))
    )
    (fp_text user %R (at 0 0 180) (layer F.Fab)
      (effects (font (size 0.4 0.4) (thickness 0.06)))
    )
    (fp_line (start 1.48 0.73) (end -1.48 0.73) (layer F.CrtYd) (width 0.05))
    (fp_line (start 1.48 -0.73) (end 1.48 0.73) (layer F.CrtYd) (width 0.05))
    (fp_line (start -1.48 -0.73) (end 1.48 -0.73) (layer F.CrtYd) (width 0.05))
    (fp_line (start -1.48 0.73) (end -1.48 -0.73) (layer F.CrtYd) (width 0.05))
    (fp_line (start -0.162779 0.51) (end 0.162779 0.51) (layer F.SilkS) (width 0.12))
    (fp_line (start -0.162779 -0.51) (end 0.162779 -0.51) (layer F.SilkS) (width 0.12))
    (fp_line (start 0.8 0.4) (end -0.8 0.4) (layer F.Fab) (width 0.1))
    (fp_line (start 0.8 -0.4) (end 0.8 0.4) (layer F.Fab) (width 0.1))
    (fp_line (start -0.8 -0.4) (end 0.8 -0.4) (layer F.Fab) (width 0.1))
    (fp_line (start -0.8 0.4) (end -0.8 -0.4) (layer F.Fab) (width 0.1))
    (pad 2 smd roundrect (at 0.7875 0 180) (size 0.875 0.95) (layers F.Cu F.Paste F.Mask) (roundrect_rratio 0.25)
      (net 1 GND))
    (pad 1 smd roundrect (at -0.7875 0 180) (size 0.875 0.95) (layers F.Cu F.Paste F.Mask) (roundrect_rratio 0.25)
      (net 2 VDD))
    (model ${KISYS3DMOD}/Capacitor_SMD.3dshapes/C_0603_1608Metric.wrl
      (at (xyz 0 0 0))
      (scale (xyz 1 1 1))
      (rotate (xyz 0 0 0))
    )
  )

  (module Capacitor_SMD:C_0603_1608Metric (layer F.Cu) (tedit 5E69B51F) (tstamp 5E75F24F)
    (at 112 98 180)
    (descr "Capacitor SMD 0603 (1608 Metric), square (rectangular) end terminal, IPC_7351 nominal, (Body size source: http://www.tortai-tech.com/upload/download/2011102023233369053.pdf), generated with kicad-footprint-generator")
    (tags capacitor)
    (path /5E6A058C)
    (attr smd)
    (fp_text reference C4 (at 0 -1.43 180) (layer F.SilkS) hide
      (effects (font (size 1 1) (thickness 0.15)))
    )
    (fp_text value 10uF (at 0 1.43 180) (layer F.Fab) hide
      (effects (font (size 1 1) (thickness 0.15)))
    )
    (fp_line (start -0.8 0.4) (end -0.8 -0.4) (layer F.Fab) (width 0.1))
    (fp_line (start -0.8 -0.4) (end 0.8 -0.4) (layer F.Fab) (width 0.1))
    (fp_line (start 0.8 -0.4) (end 0.8 0.4) (layer F.Fab) (width 0.1))
    (fp_line (start 0.8 0.4) (end -0.8 0.4) (layer F.Fab) (width 0.1))
    (fp_line (start -0.162779 -0.51) (end 0.162779 -0.51) (layer F.SilkS) (width 0.12))
    (fp_line (start -0.162779 0.51) (end 0.162779 0.51) (layer F.SilkS) (width 0.12))
    (fp_line (start -1.48 0.73) (end -1.48 -0.73) (layer F.CrtYd) (width 0.05))
    (fp_line (start -1.48 -0.73) (end 1.48 -0.73) (layer F.CrtYd) (width 0.05))
    (fp_line (start 1.48 -0.73) (end 1.48 0.73) (layer F.CrtYd) (width 0.05))
    (fp_line (start 1.48 0.73) (end -1.48 0.73) (layer F.CrtYd) (width 0.05))
    (fp_text user %R (at 0 0 180) (layer F.Fab)
      (effects (font (size 0.4 0.4) (thickness 0.06)))
    )
    (pad 1 smd roundrect (at -0.7875 0 180) (size 0.875 0.95) (layers F.Cu F.Paste F.Mask) (roundrect_rratio 0.25)
      (net 2 VDD))
    (pad 2 smd roundrect (at 0.7875 0 180) (size 0.875 0.95) (layers F.Cu F.Paste F.Mask) (roundrect_rratio 0.25)
      (net 1 GND))
    (model ${KISYS3DMOD}/Capacitor_SMD.3dshapes/C_0603_1608Metric.wrl
      (at (xyz 0 0 0))
      (scale (xyz 1 1 1))
      (rotate (xyz 0 0 0))
    )
  )

  (module Capacitor_SMD:C_0603_1608Metric (layer F.Cu) (tedit 5E69B4D5) (tstamp 5E765BD1)
    (at 121 97 270)
    (descr "Capacitor SMD 0603 (1608 Metric), square (rectangular) end terminal, IPC_7351 nominal, (Body size source: http://www.tortai-tech.com/upload/download/2011102023233369053.pdf), generated with kicad-footprint-generator")
    (tags capacitor)
    (path /5E6A255F)
    (attr smd)
    (fp_text reference C5 (at 0 -1.43 270) (layer F.SilkS) hide
      (effects (font (size 1 1) (thickness 0.15)))
    )
    (fp_text value 10uF (at 0 1.43 270) (layer F.Fab) hide
      (effects (font (size 1 1) (thickness 0.15)))
    )
    (fp_line (start -0.8 0.4) (end -0.8 -0.4) (layer F.Fab) (width 0.1))
    (fp_line (start -0.8 -0.4) (end 0.8 -0.4) (layer F.Fab) (width 0.1))
    (fp_line (start 0.8 -0.4) (end 0.8 0.4) (layer F.Fab) (width 0.1))
    (fp_line (start 0.8 0.4) (end -0.8 0.4) (layer F.Fab) (width 0.1))
    (fp_line (start -0.162779 -0.51) (end 0.162779 -0.51) (layer F.SilkS) (width 0.12))
    (fp_line (start -0.162779 0.51) (end 0.162779 0.51) (layer F.SilkS) (width 0.12))
    (fp_line (start -1.48 0.73) (end -1.48 -0.73) (layer F.CrtYd) (width 0.05))
    (fp_line (start -1.48 -0.73) (end 1.48 -0.73) (layer F.CrtYd) (width 0.05))
    (fp_line (start 1.48 -0.73) (end 1.48 0.73) (layer F.CrtYd) (width 0.05))
    (fp_line (start 1.48 0.73) (end -1.48 0.73) (layer F.CrtYd) (width 0.05))
    (fp_text user %R (at 0 0 270) (layer F.Fab)
      (effects (font (size 0.4 0.4) (thickness 0.06)))
    )
    (pad 1 smd roundrect (at -0.7875 0 270) (size 0.875 0.95) (layers F.Cu F.Paste F.Mask) (roundrect_rratio 0.25)
      (net 10 V3_3))
    (pad 2 smd roundrect (at 0.7875 0 270) (size 0.875 0.95) (layers F.Cu F.Paste F.Mask) (roundrect_rratio 0.25)
      (net 1 GND))
    (model ${KISYS3DMOD}/Capacitor_SMD.3dshapes/C_0603_1608Metric.wrl
      (at (xyz 0 0 0))
      (scale (xyz 1 1 1))
      (rotate (xyz 0 0 0))
    )
  )

  (module Capacitor_SMD:C_0603_1608Metric (layer F.Cu) (tedit 5E69B4FA) (tstamp 5E765BA1)
    (at 119 97 270)
    (descr "Capacitor SMD 0603 (1608 Metric), square (rectangular) end terminal, IPC_7351 nominal, (Body size source: http://www.tortai-tech.com/upload/download/2011102023233369053.pdf), generated with kicad-footprint-generator")
    (tags capacitor)
    (path /5E6A25B1)
    (attr smd)
    (fp_text reference C6 (at 0 -1.43 270) (layer F.SilkS) hide
      (effects (font (size 1 1) (thickness 0.15)))
    )
    (fp_text value 1uF (at 0 1.43 270) (layer F.Fab) hide
      (effects (font (size 1 1) (thickness 0.15)))
    )
    (fp_text user %R (at 0 0 270) (layer F.Fab)
