(kicad_pcb (version 20171130) (host pcbnew "(5.0.0-3-g5ebb6b6)")

  (general
    (thickness 1.6)
    (drawings 282)
    (tracks 4221)
    (zones 0)
    (modules 132)
    (nets 271)
  )

  (page A4)
  (layers
    (0 F.Cu signal)
    (1 In1.Cu signal hide)
    (2 In2.Cu signal hide)
    (31 B.Cu signal hide)
    (32 B.Adhes user)
    (33 F.Adhes user)
    (34 B.Paste user)
    (35 F.Paste user)
    (36 B.SilkS user)
    (37 F.SilkS user)
    (38 B.Mask user)
    (39 F.Mask user)
    (40 Dwgs.User user)
    (41 Cmts.User user)
    (42 Eco1.User user)
    (43 Eco2.User user)
    (44 Edge.Cuts user)
    (45 Margin user)
    (46 B.CrtYd user)
    (47 F.CrtYd user)
    (48 B.Fab user)
    (49 F.Fab user)
  )

  (setup
    (last_trace_width 0.254)
    (user_trace_width 0.254)
    (user_trace_width 0.4)
    (trace_clearance 0.2)
    (zone_clearance 0.254)
    (zone_45_only yes)
    (trace_min 0.16)
    (segment_width 0.2)
    (edge_width 0.15)
    (via_size 0.6)
    (via_drill 0.3)
    (via_min_size 0.6)
    (via_min_drill 0.3)
    (uvia_size 0.6)
    (uvia_drill 0.3)
    (uvias_allowed no)
    (uvia_min_size 0.6)
    (uvia_min_drill 0.1)
    (pcb_text_width 0.3)
    (pcb_text_size 1.5 1.5)
    (mod_edge_width 0.15)
    (mod_text_size 1 1)
    (mod_text_width 0.15)
    (pad_size 6.5024 6.5024)
    (pad_drill 5.10032)
    (pad_to_mask_clearance 0.2)
    (aux_axis_origin 0 0)
    (visible_elements FFFFFF7F)
    (pcbplotparams
      (layerselection 0x010f8_80000007)
      (usegerberextensions false)
      (usegerberattributes false)
      (usegerberadvancedattributes false)
      (creategerberjobfile false)
      (excludeedgelayer true)
      (linewidth 0.100000)
      (plotframeref false)
      (viasonmask false)
      (mode 1)
      (useauxorigin false)
      (hpglpennumber 1)
      (hpglpenspeed 20)
      (hpglpendiameter 15.000000)
      (psnegative false)
      (psa4output false)
      (plotreference true)
      (plotvalue true)
      (plotinvisibletext false)
      (padsonsilk false)
      (subtractmaskfromsilk false)
      (outputformat 1)
      (mirror false)
      (drillshape 0)
      (scaleselection 1)
      (outputdirectory "Gerbers/"))
  )

  (net 0 "")
  (net 1 GND)
  (net 2 BackGate)
  (net 3 BT1_RX)
  (net 4 BT1_TX)
  (net 5 BT2_RX)
  (net 6 BT2_TX)
  (net 7 DisplayMISO)
  (net 8 DisplaySCK)
  (net 9 DisplayMOSI)
  (net 10 DisplayCS)
  (net 11 CardCS)
  (net 12 DisplayDataOrCommand)
  (net 13 DisplayReset)
  (net 14 D18)
  (net 15 D17)
  (net 16 D50)
  (net 17 D49)
  (net 18 I2C0_SCL)
  (net 19 I2C0_SDA)
  (net 20 D8)
  (net 21 D9)
  (net 22 D10)
  (net 23 D11)
  (net 24 D12)
  (net 25 D13)
  (net 26 D14)
  (net 27 D15)
  (net 28 D16)
  (net 29 D19)
  (net 30 D20)
  (net 31 D21)
  (net 32 D22)
  (net 33 D23)
  (net 34 D24)
  (net 35 D25)
  (net 36 D26)
  (net 37 D27)
  (net 38 D28)
  (net 39 D29)
  (net 40 D30)
  (net 41 D31)
  (net 42 D32)
  (net 43 D1)
  (net 44 D2)
  (net 45 D3)
  (net 46 D4)
  (net 47 D5)
  (net 48 D6)
  (net 49 D7)
  (net 50 D40)
  (net 51 D41)
  (net 52 D42)
  (net 53 D43)
  (net 54 D44)
  (net 55 D45)
  (net 56 D46)
  (net 57 D47)
  (net 58 D48)
  (net 59 D51)
  (net 60 D52)
  (net 61 D53)
  (net 62 D54)
  (net 63 D55)
  (net 64 D56)
  (net 65 D57)
  (net 66 D58)
  (net 67 D59)
  (net 68 D60)
  (net 69 D61)
  (net 70 D62)
  (net 71 D63)
  (net 72 D64)
  (net 73 D33)
  (net 74 D34)
  (net 75 D35)
  (net 76 D36)
  (net 77 D37)
  (net 78 D38)
  (net 79 D39)
  (net 80 VDDD)
  (net 81 SWDIO6)
  (net 82 SWDCLK6)
  (net 83 SWDIO5)
  (net 84 SWDCLK5)
  (net 85 "Net-(CPU1-Pad11)")
  (net 86 "Net-(CPU1-Pad16)")
  (net 87 "Net-(CPU1-Pad17)")
  (net 88 "Net-(CPU1-Pad18)")
  (net 89 "Net-(CPU1-Pad19)")
  (net 90 "Net-(CPU1-Pad22)")
  (net 91 "Net-(CPU1-Pad24)")
  (net 92 "Net-(CPU1-Pad27)")
  (net 93 "Net-(CPU1-Pad32)")
  (net 94 "Net-(CPU1-Pad34)")
  (net 95 "Net-(CPU1-Pad40)")
  (net 96 "Net-(CPU1-Pad41)")
  (net 97 "Net-(CPU1-Pad43)")
  (net 98 "Net-(CPU1-Pad45)")
  (net 99 "Net-(CPU1-Pad47)")
  (net 100 "Net-(CPU1-Pad49)")
  (net 101 "Net-(CPU1-Pad52)")
  (net 102 "Net-(CPU1-Pad53)")
  (net 103 "Net-(CPU1-Pad54)")
  (net 104 "Net-(CPU1-Pad55)")
  (net 105 "Net-(CPU1-Pad57)")
  (net 106 "Net-(CPU1-Pad58)")
  (net 107 "Net-(CPU1-Pad59)")
  (net 108 "Net-(CPU1-Pad60)")
  (net 109 "Net-(CPU1-Pad61)")
  (net 110 "Net-(CPU1-Pad62)")
  (net 111 "Net-(CPU1-Pad67)")
  (net 112 "Net-(CPU1-Pad68)")
  (net 113 "Net-(CPU1-Pad71)")
  (net 114 "Net-(CPU1-Pad72)")
  (net 115 "Net-(CPU1-Pad73)")
  (net 116 "Net-(CPU1-Pad74)")
  (net 117 "Net-(CPU1-Pad76)")
  (net 118 "Net-(CPU1-Pad77)")
  (net 119 "Net-(CPU1-Pad78)")
  (net 120 "Net-(CPU1-Pad79)")
  (net 121 "Net-(CPU1-Pad80)")
  (net 122 "Net-(CPU1-Pad81)")
  (net 123 "Net-(CPU1-Pad82)")
  (net 124 "Net-(CPU1-Pad83)")
  (net 125 "Net-(CPU1-Pad84)")
  (net 126 "Net-(CPU1-Pad85)")
  (net 127 "Net-(CPU1-Pad89)")
  (net 128 "Net-(CPU1-Pad91)")
  (net 129 "Net-(CPU1-Pad93)")
  (net 130 "Net-(CPU1-Pad95)")
  (net 131 "Net-(CPU1-Pad97)")
  (net 132 "Net-(CPU1-Pad98)")
  (net 133 "Net-(CPU1-Pad99)")
  (net 134 "Net-(CPU2-Pad1)")
  (net 135 "Net-(CPU2-Pad2)")
  (net 136 "Net-(CPU2-Pad3)")
  (net 137 "Net-(CPU2-Pad6)")
  (net 138 "Net-(CPU2-Pad7)")
  (net 139 "Net-(CPU2-Pad8)")
  (net 140 "Net-(CPU2-Pad9)")
  (net 141 "Net-(CPU2-Pad11)")
  (net 142 "Net-(CPU2-Pad16)")
  (net 143 "Net-(CPU2-Pad17)")
  (net 144 "Net-(CPU2-Pad18)")
  (net 145 "Net-(CPU2-Pad19)")
  (net 146 "Net-(CPU2-Pad22)")
  (net 147 "Net-(CPU2-Pad24)")
  (net 148 "Net-(CPU2-Pad27)")
  (net 149 "Net-(CPU2-Pad32)")
  (net 150 "Net-(CPU2-Pad34)")
  (net 151 "Net-(CPU2-Pad40)")
  (net 152 "Net-(CPU2-Pad41)")
  (net 153 "Net-(CPU2-Pad43)")
  (net 154 "Net-(CPU2-Pad45)")
  (net 155 "Net-(CPU2-Pad47)")
  (net 156 "Net-(CPU2-Pad49)")
  (net 157 "Net-(CPU2-Pad52)")
  (net 158 "Net-(CPU2-Pad53)")
  (net 159 "Net-(CPU2-Pad54)")
  (net 160 "Net-(CPU2-Pad55)")
  (net 161 "Net-(CPU2-Pad57)")
  (net 162 "Net-(CPU2-Pad58)")
  (net 163 "Net-(CPU2-Pad59)")
  (net 164 "Net-(CPU2-Pad60)")
  (net 165 "Net-(CPU2-Pad61)")
  (net 166 "Net-(CPU2-Pad62)")
  (net 167 "Net-(CPU2-Pad67)")
  (net 168 "Net-(CPU2-Pad68)")
  (net 169 "Net-(CPU2-Pad71)")
  (net 170 "Net-(CPU2-Pad72)")
  (net 171 "Net-(CPU2-Pad73)")
  (net 172 "Net-(CPU2-Pad74)")
  (net 173 "Net-(CPU2-Pad76)")
  (net 174 "Net-(CPU2-Pad77)")
  (net 175 "Net-(CPU2-Pad78)")
  (net 176 "Net-(CPU2-Pad79)")
  (net 177 "Net-(CPU2-Pad80)")
  (net 178 "Net-(CPU2-Pad81)")
  (net 179 "Net-(CPU2-Pad82)")
  (net 180 "Net-(CPU2-Pad83)")
  (net 181 "Net-(CPU2-Pad84)")
  (net 182 "Net-(CPU2-Pad85)")
  (net 183 "Net-(CPU2-Pad89)")
  (net 184 "Net-(CPU2-Pad91)")
  (net 185 "Net-(CPU2-Pad93)")
  (net 186 "Net-(CPU2-Pad95)")
  (net 187 "Net-(CPU2-Pad97)")
  (net 188 "Net-(CPU2-Pad98)")
  (net 189 "Net-(CPU2-Pad99)")
  (net 190 DD1)
  (net 191 "Net-(CPU1-Pad42)")
  (net 192 "Net-(CPU1-Pad44)")
  (net 193 "Net-(CPU1-Pad46)")
  (net 194 "Net-(CPU2-Pad42)")
  (net 195 "Net-(CPU2-Pad44)")
  (net 196 "Net-(CPU2-Pad46)")
  (net 197 SS1)
  (net 198 DD2)
  (net 199 SS2)
  (net 200 IO1)
  (net 201 IO2)
  (net 202 IO3)
  (net 203 IO4)
  (net 204 SolutionGate)
  (net 205 LocalGates)
  (net 206 "Net-(CPU1-Pad48)")
  (net 207 "Net-(CPU2-Pad48)")
  (net 208 "Net-(CPU1-Pad51)")
  (net 209 "Net-(CPU2-Pad51)")
  (net 210 SWDIO2)
  (net 211 SWDCLK2)
  (net 212 SWDIO4)
  (net 213 SWDCLK4)
  (net 214 XRES)
  (net 215 SWDIO)
  (net 216 SWDCLK)
  (net 217 SWDIO1)
  (net 218 SWDCLK1)
  (net 219 SWDIO3)
  (net 220 SWDCLK3)
  (net 221 "Net-(MUX1-Pad11)")
  (net 222 "Net-(MUX1-Pad15)")
  (net 223 "Net-(MUX2-Pad11)")
  (net 224 "Net-(MUX2-Pad15)")
  (net 225 "Net-(MUX3-Pad11)")
  (net 226 "Net-(MUX3-Pad15)")
  (net 227 "Net-(MUX4-Pad11)")
  (net 228 "Net-(MUX4-Pad15)")
  (net 229 VBUS1)
  (net 230 VBUS2)
  (net 231 BT1_RXR)
  (net 232 BT2_RXR)
  (net 233 "Net-(OUT1-Pad2)")
  (net 234 "Net-(OUT1-Pad14)")
  (net 235 VDDA_M1)
  (net 236 VCCD_M1)
  (net 237 VDDA_M3)
  (net 238 VCCD_M3)
  (net 239 VDDA_M4)
  (net 240 VCCD_M4)
  (net 241 VDDA_M2)
  (net 242 VCCD_M2)
  (net 243 VCCD_C1)
  (net 244 VDDA_C1)
  (net 245 VCCA_C1)
  (net 246 VCCD_C2)
  (net 247 VDDA_C2)
  (net 248 VCCA_C2)
  (net 249 USB1_ID)
  (net 250 USB2_ID)
  (net 251 USBDP_C1)
  (net 252 USBDM_C1)
  (net 253 USBDP_C2)
  (net 254 USBDM_C2)
  (net 255 USB1_D+)
  (net 256 USB1_D-)
  (net 257 USB2_D+)
  (net 258 USB2_D-)
  (net 259 "Net-(IPEX1-Pad2)")
  (net 260 "Net-(IPEX2-Pad2)")
  (net 261 "Net-(IPEX3-Pad2)")
  (net 262 "Net-(IPEX4-Pad2)")
  (net 263 "Net-(IPEX5-Pad2)")
  (net 264 "Net-(IPEX6-Pad2)")
  (net 265 "Net-(IPEX7-Pad2)")
  (net 266 "Net-(IPEX8-Pad2)")
  (net 267 "Net-(IPEX9-Pad2)")
  (net 268 "Net-(IPEX10-Pad2)")
  (net 269 "Net-(IPEX11-Pad2)")
  (net 270 "Net-(IPEX12-Pad2)")

  (net_class Default "This is the default net class."
    (clearance 0.2)
    (trace_width 0.254)
    (via_dia 0.6)
    (via_drill 0.3)
    (uvia_dia 0.6)
    (uvia_drill 0.3)
    (add_net BT1_RX)
    (add_net BT1_RXR)
    (add_net BT1_TX)
    (add_net BT2_RX)
    (add_net BT2_RXR)
    (add_net BT2_TX)
    (add_net BackGate)
    (add_net CardCS)
    (add_net D1)
    (add_net D10)
    (add_net D11)
    (add_net D12)
    (add_net D13)
    (add_net D14)
    (add_net D15)
    (add_net D16)
    (add_net D17)
    (add_net D18)
    (add_net D19)
    (add_net D2)
    (add_net D20)
    (add_net D21)
    (add_net D22)
    (add_net D23)
    (add_net D24)
    (add_net D25)
    (add_net D26)
    (add_net D27)
    (add_net D28)
    (add_net D29)
    (add_net D3)
    (add_net D30)
    (add_net D31)
    (add_net D32)
    (add_net D33)
    (add_net D34)
    (add_net D35)
    (add_net D36)
    (add_net D37)
    (add_net D38)
    (add_net D39)
    (add_net D4)
    (add_net D40)
    (add_net D41)
    (add_net D42)
    (add_net D43)
    (add_net D44)
    (add_net D45)
    (add_net D46)
    (add_net D47)
    (add_net D48)
    (add_net D49)
    (add_net D5)
    (add_net D50)
    (add_net D51)
    (add_net D52)
    (add_net D53)
    (add_net D54)
    (add_net D55)
    (add_net D56)
    (add_net D57)
    (add_net D58)
    (add_net D59)
    (add_net D6)
    (add_net D60)
    (add_net D61)
    (add_net D62)
    (add_net D63)
    (add_net D64)
    (add_net D7)
    (add_net D8)
    (add_net D9)
    (add_net DD1)
    (add_net DD2)
    (add_net DisplayCS)
    (add_net DisplayDataOrCommand)
    (add_net DisplayMISO)
    (add_net DisplayMOSI)
    (add_net DisplayReset)
    (add_net DisplaySCK)
    (add_net GND)
    (add_net I2C0_SCL)
    (add_net I2C0_SDA)
    (add_net IO1)
    (add_net IO2)
    (add_net IO3)
    (add_net IO4)
    (add_net LocalGates)
    (add_net "Net-(CPU1-Pad11)")
    (add_net "Net-(CPU1-Pad16)")
    (add_net "Net-(CPU1-Pad17)")
    (add_net "Net-(CPU1-Pad18)")
    (add_net "Net-(CPU1-Pad19)")
    (add_net "Net-(CPU1-Pad22)")
    (add_net "Net-(CPU1-Pad24)")
    (add_net "Net-(CPU1-Pad27)")
    (add_net "Net-(CPU1-Pad32)")
    (add_net "Net-(CPU1-Pad34)")
    (add_net "Net-(CPU1-Pad40)")
    (add_net "Net-(CPU1-Pad41)")
    (add_net "Net-(CPU1-Pad42)")
    (add_net "Net-(CPU1-Pad43)")
    (add_net "Net-(CPU1-Pad44)")
    (add_net "Net-(CPU1-Pad45)")
    (add_net "Net-(CPU1-Pad46)")
    (add_net "Net-(CPU1-Pad47)")
    (add_net "Net-(CPU1-Pad48)")
    (add_net "Net-(CPU1-Pad49)")
    (add_net "Net-(CPU1-Pad51)")
    (add_net "Net-(CPU1-Pad52)")
    (add_net "Net-(CPU1-Pad53)")
    (add_net "Net-(CPU1-Pad54)")
    (add_net "Net-(CPU1-Pad55)")
    (add_net "Net-(CPU1-Pad57)")
    (add_net "Net-(CPU1-Pad58)")
    (add_net "Net-(CPU1-Pad59)")
    (add_net "Net-(CPU1-Pad60)")
    (add_net "Net-(CPU1-Pad61)")
    (add_net "Net-(CPU1-Pad62)")
    (add_net "Net-(CPU1-Pad67)")
    (add_net "Net-(CPU1-Pad68)")
    (add_net "Net-(CPU1-Pad71)")
    (add_net "Net-(CPU1-Pad72)")
    (add_net "Net-(CPU1-Pad73)")
    (add_net "Net-(CPU1-Pad74)")
    (add_net "Net-(CPU1-Pad76)")
    (add_net "Net-(CPU1-Pad77)")
    (add_net "Net-(CPU1-Pad78)")
    (add_net "Net-(CPU1-Pad79)")
    (add_net "Net-(CPU1-Pad80)")
    (add_net "Net-(CPU1-Pad81)")
    (add_net "Net-(CPU1-Pad82)")
    (add_net "Net-(CPU1-Pad83)")
    (add_net "Net-(CPU1-Pad84)")
    (add_net "Net-(CPU1-Pad85)")
    (add_net "Net-(CPU1-Pad89)")
    (add_net "Net-(CPU1-Pad91)")
    (add_net "Net-(CPU1-Pad93)")
    (add_net "Net-(CPU1-Pad95)")
    (add_net "Net-(CPU1-Pad97)")
    (add_net "Net-(CPU1-Pad98)")
    (add_net "Net-(CPU1-Pad99)")
    (add_net "Net-(CPU2-Pad1)")
    (add_net "Net-(CPU2-Pad11)")
    (add_net "Net-(CPU2-Pad16)")
    (add_net "Net-(CPU2-Pad17)")
    (add_net "Net-(CPU2-Pad18)")
    (add_net "Net-(CPU2-Pad19)")
    (add_net "Net-(CPU2-Pad2)")
    (add_net "Net-(CPU2-Pad22)")
    (add_net "Net-(CPU2-Pad24)")
    (add_net "Net-(CPU2-Pad27)")
    (add_net "Net-(CPU2-Pad3)")
    (add_net "Net-(CPU2-Pad32)")
    (add_net "Net-(CPU2-Pad34)")
    (add_net "Net-(CPU2-Pad40)")
    (add_net "Net-(CPU2-Pad41)")
    (add_net "Net-(CPU2-Pad42)")
    (add_net "Net-(CPU2-Pad43)")
    (add_net "Net-(CPU2-Pad44)")
    (add_net "Net-(CPU2-Pad45)")
    (add_net "Net-(CPU2-Pad46)")
    (add_net "Net-(CPU2-Pad47)")
    (add_net "Net-(CPU2-Pad48)")
    (add_net "Net-(CPU2-Pad49)")
    (add_net "Net-(CPU2-Pad51)")
    (add_net "Net-(CPU2-Pad52)")
    (add_net "Net-(CPU2-Pad53)")
    (add_net "Net-(CPU2-Pad54)")
    (add_net "Net-(CPU2-Pad55)")
    (add_net "Net-(CPU2-Pad57)")
    (add_net "Net-(CPU2-Pad58)")
    (add_net "Net-(CPU2-Pad59)")
    (add_net "Net-(CPU2-Pad6)")
    (add_net "Net-(CPU2-Pad60)")
    (add_net "Net-(CPU2-Pad61)")
    (add_net "Net-(CPU2-Pad62)")
    (add_net "Net-(CPU2-Pad67)")
    (add_net "Net-(CPU2-Pad68)")
    (add_net "Net-(CPU2-Pad7)")
    (add_net "Net-(CPU2-Pad71)")
    (add_net "Net-(CPU2-Pad72)")
    (add_net "Net-(CPU2-Pad73)")
    (add_net "Net-(CPU2-Pad74)")
    (add_net "Net-(CPU2-Pad76)")
    (add_net "Net-(CPU2-Pad77)")
    (add_net "Net-(CPU2-Pad78)")
    (add_net "Net-(CPU2-Pad79)")
    (add_net "Net-(CPU2-Pad8)")
    (add_net "Net-(CPU2-Pad80)")
    (add_net "Net-(CPU2-Pad81)")
    (add_net "Net-(CPU2-Pad82)")
    (add_net "Net-(CPU2-Pad83)")
    (add_net "Net-(CPU2-Pad84)")
    (add_net "Net-(CPU2-Pad85)")
    (add_net "Net-(CPU2-Pad89)")
    (add_net "Net-(CPU2-Pad9)")
    (add_net "Net-(CPU2-Pad91)")
    (add_net "Net-(CPU2-Pad93)")
    (add_net "Net-(CPU2-Pad95)")
    (add_net "Net-(CPU2-Pad97)")
    (add_net "Net-(CPU2-Pad98)")
    (add_net "Net-(CPU2-Pad99)")
    (add_net "Net-(IPEX1-Pad2)")
    (add_net "Net-(IPEX10-Pad2)")
    (add_net "Net-(IPEX11-Pad2)")
    (add_net "Net-(IPEX12-Pad2)")
    (add_net "Net-(IPEX2-Pad2)")
    (add_net "Net-(IPEX3-Pad2)")
    (add_net "Net-(IPEX4-Pad2)")
    (add_net "Net-(IPEX5-Pad2)")
    (add_net "Net-(IPEX6-Pad2)")
    (add_net "Net-(IPEX7-Pad2)")
    (add_net "Net-(IPEX8-Pad2)")
    (add_net "Net-(IPEX9-Pad2)")
    (add_net "Net-(MUX1-Pad11)")
    (add_net "Net-(MUX1-Pad15)")
    (add_net "Net-(MUX2-Pad11)")
    (add_net "Net-(MUX2-Pad15)")
    (add_net "Net-(MUX3-Pad11)")
    (add_net "Net-(MUX3-Pad15)")
    (add_net "Net-(MUX4-Pad11)")
    (add_net "Net-(MUX4-Pad15)")
    (add_net "Net-(OUT1-Pad14)")
    (add_net "Net-(OUT1-Pad2)")
    (add_net SS1)
    (add_net SS2)
    (add_net SWDCLK)
    (add_net SWDCLK1)
    (add_net SWDCLK2)
    (add_net SWDCLK3)
    (add_net SWDCLK4)
    (add_net SWDCLK5)
    (add_net SWDCLK6)
    (add_net SWDIO)
    (add_net SWDIO1)
    (add_net SWDIO2)
    (add_net SWDIO3)
    (add_net SWDIO4)
    (add_net SWDIO5)
    (add_net SWDIO6)
    (add_net SolutionGate)
    (add_net USB1_D+)
    (add_net USB1_D-)
    (add_net USB1_ID)
    (add_net USB2_D+)
    (add_net USB2_D-)
    (add_net USB2_ID)
    (add_net USBDM_C1)
    (add_net USBDM_C2)
    (add_net USBDP_C1)
    (add_net USBDP_C2)
    (add_net VBUS1)
    (add_net VBUS2)
    (add_net VCCA_C1)
    (add_net VCCA_C2)
    (add_net VCCD_C1)
    (add_net VCCD_C2)
    (add_net VCCD_M1)
    (add_net VCCD_M2)
    (add_net VCCD_M3)
    (add_net VCCD_M4)
    (add_net VDDA_C1)
    (add_net VDDA_C2)
    (add_net VDDA_M1)
    (add_net VDDA_M2)
    (add_net VDDA_M3)
    (add_net VDDA_M4)
    (add_net VDDD)
    (add_net XRES)
  )

  (net_class In ""
    (clearance 0.2032)
    (trace_width 0.4)
    (via_dia 0.6)
    (via_drill 0.3)
    (uvia_dia 0.6)
    (uvia_drill 0.3)
  )

  (module Custom_Footprint_Library:MountingHole_5.1mm (layer F.Cu) (tedit 5D9DF564) (tstamp 5DA95D3A)
    (at 163.83 92.71)
    (path /5DA5A0AE)
    (fp_text reference MH1 (at 0 -5.08) (layer F.SilkS) hide
      (effects (font (size 1 1) (thickness 0.15)))
    )
    (fp_text value MountingHole (at 0 5.08) (layer F.Fab) hide
      (effects (font (size 1 1) (thickness 0.15)))
    )
    (pad 1 thru_hole circle (at 0 0.635) (size 6.5024 6.5024) (drill 5.10032) (layers *.Cu *.Mask))
  )

  (module Custom_Footprint_Library:MountingHole_5.1mm (layer F.Cu) (tedit 5D9DF557) (tstamp 5DA95D3F)
    (at 163.83 100.33)
    (path /5D9EBACA)
    (fp_text reference MH2 (at 0 -5.08) (layer F.SilkS) hide
      (effects (font (size 1 1) (thickness 0.15)))
    )
    (fp_text value MountingHole (at 0 5.08) (layer F.Fab) hide
      (effects (font (size 1 1) (thickness 0.15)))
    )
    (pad 1 thru_hole circle (at 0 0.635) (size 6.5024 6.5024) (drill 5.10032) (layers *.Cu *.Mask))
  )

  (module Custom_Footprint_Library:MountingHole_5.1mm (layer F.Cu) (tedit 5D9DF551) (tstamp 5DA95D44)
    (at 163.83 107.95)
    (path /5D9EABCE)
    (fp_text reference MH3 (at 0 -5.08) (layer F.SilkS) hide
      (effects (font (size 1 1) (thickness 0.15)))
    )
    (fp_text value MountingHole (at 0 5.08) (layer F.Fab) hide
      (effects (font (size 1 1) (thickness 0.15)))
    )
    (pad 1 thru_hole circle (at 0 0.635) (size 6.5024 6.5024) (drill 5.10032) (layers *.Cu *.Mask))
  )

  (module Custom_Footprint_Library:MountingHole_5.1mm (layer F.Cu) (tedit 5D9DF970) (tstamp 5DA95D4E)
    (at 236.22 103.505)
    (path /5DA59D68)
    (fp_text reference MH5 (at 0 -5.08) (layer F.SilkS) hide
      (effects (font (size 1 1) (thickness 0.15)))
    )
    (fp_text value MountingHole (at 0 5.08) (layer F.Fab) hide
      (effects (font (size 1 1) (thickness 0.15)))
    )
    (pad 1 thru_hole circle (at -0.635 -2.54) (size 6.5024 6.5024) (drill 5.10032) (layers *.Cu *.Mask))
  )

  (module Custom_Footprint_Library:MountingHole_5.1mm (layer F.Cu) (tedit 5D9DF977) (tstamp 5DA95D53)
    (at 236.22 108.585)
    (path /5DA59F0E)
    (fp_text reference MH6 (at 0 -5.08) (layer F.SilkS) hide
      (effects (font (size 1 1) (thickness 0.15)))
    )
    (fp_text value MountingHole (at 0 5.08) (layer F.Fab) hide
      (effects (font (size 1 1) (thickness 0.15)))
    )
    (pad 1 thru_hole circle (at -0.635 0) (size 6.5024 6.5024) (drill 5.10032) (layers *.Cu *.Mask))
  )

  (module Capacitor_SMD:C_0603_1608Metric (layer F.Cu) (tedit 5B301BBE) (tstamp 5D9D47D7)
    (at 171 136.5 270)
    (descr "Capacitor SMD 0603 (1608 Metric), square (rectangular) end terminal, IPC_7351 nominal, (Body size source: http://www.tortai-tech.com/upload/download/2011102023233369053.pdf), generated with kicad-footprint-generator")
    (tags capacitor)
    (path /599D61E4)
    (attr smd)
    (fp_text reference C1 (at 0 -1.43 270) (layer F.SilkS)
      (effects (font (size 1 1) (thickness 0.15)))
    )
    (fp_text value 0.1uF (at 0 1.43 270) (layer F.Fab)
      (effects (font (size 1 1) (thickness 0.15)))
    )
    (fp_line (start -0.8 0.4) (end -0.8 -0.4) (layer F.Fab) (width 0.1))
    (fp_line (start -0.8 -0.4) (end 0.8 -0.4) (layer F.Fab) (width 0.1))
    (fp_line (start 0.8 -0.4) (end 0.8 0.4) (layer F.Fab) (width 0.1))
    (fp_line (start 0.8 0.4) (end -0.8 0.4) (layer F.Fab) (width 0.1))
    (fp_line (start -0.162779 -0.51) (end 0.162779 -0.51) (layer F.SilkS) (width 0.12))
    (fp_line (start -0.162779 0.51) (end 0.162779 0.51) (layer F.SilkS) (width 0.12))
    (fp_line (start -1.48 0.73) (end -1.48 -0.73) (layer F.CrtYd) (width 0.05))
    (fp_line (start -1.48 -0.73) (end 1.48 -0.73) (layer F.CrtYd) (width 0.05))
    (fp_line (start 1.48 -0.73) (end 1.48 0.73) (layer F.CrtYd) (width 0.05))
    (fp_line (start 1.48 0.73) (end -1.48 0.73) (layer F.CrtYd) (width 0.05))
    (fp_text user %R (at 0 0 270) (layer F.Fab)
      (effects (font (size 0.4 0.4) (thickness 0.06)))
    )
    (pad 1 smd roundrect (at -0.7875 0 270) (size 0.875 0.95) (layers F.Cu F.Paste F.Mask) (roundrect_rratio 0.25)
      (net 1 GND))
    (pad 2 smd roundrect (at 0.7875 0 270) (size 0.875 0.95) (layers F.Cu F.Paste F.Mask) (roundrect_rratio 0.25)
      (net 80 VDDD))
    (model ${KISYS3DMOD}/Capacitor_SMD.3dshapes/C_0603_1608Metric.wrl
      (at (xyz 0 0 0))
      (scale (xyz 1 1 1))
      (rotate (xyz 0 0 0))
    )
  )

  (module Capacitor_SMD:C_0603_1608Metric (layer F.Cu) (tedit 5B301BBE) (tstamp 5D9D47E7)
    (at 187 136.5 270)
    (descr "Capacitor SMD 0603 (1608 Metric), square (rectangular) end terminal, IPC_7351 nominal, (Body size source: http://www.tortai-tech.com/upload/download/2011102023233369053.pdf), generated with kicad-footprint-generator")
    (tags capacitor)
    (path /599D62AD)
    (attr smd)
    (fp_text reference C2 (at 0 -1.43 270) (layer F.SilkS)
      (effects (font (size 1 1) (thickness 0.15)))
    )
    (fp_text value 0.1uF (at 0 1.43 270) (layer F.Fab)
      (effects (font (size 1 1) (thickness 0.15)))
    )
    (fp_text user %R (at 0 0 270) (layer F.Fab)
      (effects (font (size 0.4 0.4) (thickness 0.06)))
    )
    (fp_line (start 1.48 0.73) (end -1.48 0.73) (layer F.CrtYd) (width 0.05))
    (fp_line (start 1.48 -0.73) (end 1.48 0.73) (layer F.CrtYd) (width 0.05))
    (fp_line (start -1.48 -0.73) (end 1.48 -0.73) (layer F.CrtYd) (width 0.05))
    (fp_line (start -1.48 0.73) (end -1.48 -0.73) (layer F.CrtYd) (width 0.05))
    (fp_line (start -0.162779 0.51) (end 0.162779 0.51) (layer F.SilkS) (width 0.12))
    (fp_line (start -0.162779 -0.51) (end 0.162779 -0.51) (layer F.SilkS) (width 0.12))
    (fp_line (start 0.8 0.4) (end -0.8 0.4) (layer F.Fab) (width 0.1))
    (fp_line (start 0.8 -0.4) (end 0.8 0.4) (layer F.Fab) (width 0.1))
    (fp_line (start -0.8 -0.4) (end 0.8 -0.4) (layer F.Fab) (width 0.1))
    (fp_line (start -0.8 0.4) (end -0.8 -0.4) (layer F.Fab) (width 0.1))
    (pad 2 smd roundrect (at 0.7875 0 270) (size 0.875 0.95) (layers F.Cu F.Paste F.Mask) (roundrect_rratio 0.25)
      (net 80 VDDD))
    (pad 1 smd roundrect (at -0.7875 0 270) (size 0.875 0.95) (layers F.Cu F.Paste F.Mask) (roundrect_rratio 0.25)
      (net 1 GND))
    (model ${KISYS3DMOD}/Capacitor_SMD.3dshapes/C_0603_1608Metric.wrl
      (at (xyz 0 0 0))
      (scale (xyz 1 1 1))
      (rotate (xyz 0 0 0))
    )
  )

  (module Capacitor_SMD:C_0603_1608Metric (layer F.Cu) (tedit 5B301BBE) (tstamp 5D9D47F7)
    (at 187 157.5 90)
    (descr "Capacitor SMD 0603 (1608 Metric), square (rectangular) end terminal, IPC_7351 nominal, (Body size source: http://www.tortai-tech.com/upload/download/2011102023233369053.pdf), generated with kicad-footprint-generator")
    (tags capacitor)
    (path /599D6354)
    (attr smd)
    (fp_text reference C3 (at 0 -1.43 90) (layer F.SilkS)
      (effects (font (size 1 1) (thickness 0.15)))
    )
    (fp_text value 0.1uF (at 0 1.43 90) (layer F.Fab)
      (effects (font (size 1 1) (thickness 0.15)))
    )
    (fp_text user %R (at 0 0 90) (layer F.Fab)
      (effects (font (size 0.4 0.4) (thickness 0.06)))
    )
    (fp_line (start 1.48 0.73) (end -1.48 0.73) (layer F.CrtYd) (width 0.05))
    (fp_line (start 1.48 -0.73) (end 1.48 0.73) (layer F.CrtYd) (width 0.05))
    (fp_line (start -1.48 -0.73) (end 1.48 -0.73) (layer F.CrtYd) (width 0.05))
    (fp_line (start -1.48 0.73) (end -1.48 -0.73) (layer F.CrtYd) (width 0.05))
    (fp_line (start -0.162779 0.51) (end 0.162779 0.51) (layer F.SilkS) (width 0.12))
    (fp_line (start -0.162779 -0.51) (end 0.162779 -0.51) (layer F.SilkS) (width 0.12))
    (fp_line (start 0.8 0.4) (end -0.8 0.4) (layer F.Fab) (width 0.1))
    (fp_line (start 0.8 -0.4) (end 0.8 0.4) (layer F.Fab) (width 0.1))
    (fp_line (start -0.8 -0.4) (end 0.8 -0.4) (layer F.Fab) (width 0.1))
    (fp_line (start -0.8 0.4) (end -0.8 -0.4) (layer F.Fab) (width 0.1))
    (pad 2 smd roundrect (at 0.7875 0 90) (size 0.875 0.95) (layers F.Cu F.Paste F.Mask) (roundrect_rratio 0.25)
      (net 80 VDDD))
    (pad 1 smd roundrect (at -0.7875 0 90) (size 0.875 0.95) (layers F.Cu F.Paste F.Mask) (roundrect_rratio 0.25)
      (net 1 GND))
    (model ${KISYS3DMOD}/Capacitor_SMD.3dshapes/C_0603_1608Metric.wrl
      (at (xyz 0 0 0))
      (scale (xyz 1 1 1))
      (rotate (xyz 0 0 0))
    )
  )

  (module Capacitor_SMD:C_0603_1608Metric (layer F.Cu) (tedit 5B301BBE) (tstamp 5D9D4807)
    (at 171 157.5 90)
    (descr "Capacitor SMD 0603 (1608 Metric), square (rectangular) end terminal, IPC_7351 nominal, (Body size source: http://www.tortai-tech.com/upload/download/2011102023233369053.pdf), generated with kicad-footprint-generator")
    (tags capacitor)
    (path /599D63FE)
    (attr smd)
    (fp_text reference C4 (at 0 -1.43 90) (layer F.SilkS)
      (effects (font (size 1 1) (thickness 0.15)))
    )
    (fp_text value 0.1uF (at 0 1.43 90) (layer F.Fab)
      (effects (font (size 1 1) (thickness 0.15)))
    )
    (fp_line (start -0.8 0.4) (end -0.8 -0.4) (layer F.Fab) (width 0.1))
    (fp_line (start -0.8 -0.4) (end 0.8 -0.4) (layer F.Fab) (width 0.1))
    (fp_line (start 0.8 -0.4) (end 0.8 0.4) (layer F.Fab) (width 0.1))
    (fp_line (start 0.8 0.4) (end -0.8 0.4) (layer F.Fab) (width 0.1))
    (fp_line (start -0.162779 -0.51) (end 0.162779 -0.51) (layer F.SilkS) (width 0.12))
    (fp_line (start -0.162779 0.51) (end 0.162779 0.51) (layer F.SilkS) (width 0.12))
    (fp_line (start -1.48 0.73) (end -1.48 -0.73) (layer F.CrtYd) (width 0.05))
    (fp_line (start -1.48 -0.73) (end 1.48 -0.73) (layer F.CrtYd) (width 0.05))
    (fp_line (start 1.48 -0.73) (end 1.48 0.73) (layer F.CrtYd) (width 0.05))
    (fp_line (start 1.48 0.73) (end -1.48 0.73) (layer F.CrtYd) (width 0.05))
    (fp_text user %R (at 0 0 90) (layer F.Fab)
      (effects (font (size 0.4 0.4) (thickness 0.06)))
    )
    (pad 1 smd roundrect (at -0.7875 0 90) (size 0.875 0.95) (layers F.Cu F.Paste F.Mask) (roundrect_rratio 0.25)
      (net 1 GND))
    (pad 2 smd roundrect (at 0.7875 0 90) (size 0.875 0.95) (layers F.Cu F.Paste F.Mask) (roundrect_rratio 0.25)
      (net 80 VDDD))
    (model ${KISYS3DMOD}/Capacitor_SMD.3dshapes/C_0603_1608Metric.wrl
      (at (xyz 0 0 0))
      (scale (xyz 1 1 1))
      (rotate (xyz 0 0 0))
    )
  )

  (module Capacitor_SMD:C_0603_1608Metric (layer F.Cu) (tedit 5B301BBE) (tstamp 5D9D4817)
    (at 212.5 137 270)
    (descr "Capacitor SMD 0603 (1608 Metric), square (rectangular) end terminal, IPC_7351 nominal, (Body size source: http://www.tortai-tech.com/upload/download/2011102023233369053.pdf), generated with kicad-footprint-generator")
    (tags capacitor)
    (path /599D6546)
    (attr smd)
    (fp_text reference C5 (at 0 -1.43 270) (layer F.SilkS)
      (effects (font (size 1 1) (thickness 0.15)))
    )
    (fp_text value 0.1uF (at 0 1.43 270) (layer F.Fab)
      (effects (font (size 1 1) (thickness 0.15)))
    )
    (fp_text user %R (at 0 0 270) (layer F.Fab)
      (effects (font (size 0.4 0.4) (thickness 0.06)))
    )
    (fp_line (start 1.48 0.73) (end -1.48 0.73) (layer F.CrtYd) (width 0.05))
    (fp_line (start 1.48 -0.73) (end 1.48 0.73) (layer F.CrtYd) (width 0.05))
    (fp_line (start -1.48 -0.73) (end 1.48 -0.73) (layer F.CrtYd) (width 0.05))
    (fp_line (start -1.48 0.73) (end -1.48 -0.73) (layer F.CrtYd) (width 0.05))
    (fp_line (start -0.162779 0.51) (end 0.162779 0.51) (layer F.SilkS) (width 0.12))
    (fp_line (start -0.162779 -0.51) (end 0.162779 -0.51) (layer F.SilkS) (width 0.12))
    (fp_line (start 0.8 0.4) (end -0.8 0.4) (layer F.Fab) (width 0.1))
    (fp_line (start 0.8 -0.4) (end 0.8 0.4) (layer F.Fab) (width 0.1))
    (fp_line (start -0.8 -0.4) (end 0.8 -0.4) (layer F.Fab) (width 0.1))
    (fp_line (start -0.8 0.4) (end -0.8 -0.4) (layer F.Fab) (width 0.1))
    (pad 2 smd roundrect (at 0.7875 0 270) (size 0.875 0.95) (layers F.Cu F.Paste F.Mask) (roundrect_rratio 0.25)
      (net 80 VDDD))
    (pad 1 smd roundrect (at -0.7875 0 270) (size 0.875 0.95) (layers F.Cu F.Paste F.Mask) (roundrect_rratio 0.25)
      (net 1 GND))
    (model ${KISYS3DMOD}/Capacitor_SMD.3dshapes/C_0603_1608Metric.wrl
      (at (xyz 0 0 0))
      (scale (xyz 1 1 1))
      (rotate (xyz 0 0 0))
    )
  )

  (module Capacitor_SMD:C_0603_1608Metric (layer F.Cu) (tedit 5B301BBE) (tstamp 5D9D4827)
    (at 228.5 137 270)
    (descr "Capacitor SMD 0603 (1608 Metric), square (rectangular) end terminal, IPC_7351 nominal, (Body size source: http://www.tortai-tech.com/upload/download/2011102023233369053.pdf), generated with kicad-footprint-generator")
    (tags capacitor)
    (path /599D65F6)
    (attr smd)
    (fp_text reference C6 (at 0 -1.43 270) (layer F.SilkS)
      (effects (font (size 1 1) (thickness 0.15)))
    )
    (fp_text value 0.1uF (at 0 1.43 270) (layer F.Fab)
      (effects (font (size 1 1) (thickness 0.15)))
    )
    (fp_line (start -0.8 0.4) (end -0.8 -0.4) (layer F.Fab) (width 0.1))
    (fp_line (start -0.8 -0.4) (end 0.8 -0.4) (layer F.Fab) (width 0.1))
    (fp_line (start 0.8 -0.4) (end 0.8 0.4) (layer F.Fab) (width 0.1))
    (fp_line (start 0.8 0.4) (end -0.8 0.4) (layer F.Fab) (width 0.1))
    (fp_line (start -0.162779 -0.51) (end 0.162779 -0.51) (layer F.SilkS) (width 0.12))
    (fp_line (start -0.162779 0.51) (end 0.162779 0.51) (layer F.SilkS) (width 0.12))
    (fp_line (start -1.48 0.73) (end -1.48 -0.73) (layer F.CrtYd) (width 0.05))
    (fp_line (start -1.48 -0.73) (end 1.48 -0.73) (layer F.CrtYd) (width 0.05))
    (fp_line (start 1.48 -0.73) (end 1.48 0.73) (layer F.CrtYd) (width 0.05))
    (fp_line (start 1.48 0.73) (end -1.48 0.73) (layer F.CrtYd) (width 0.05))
    (fp_text user %R (at 0 0 270) (layer F.Fab)
      (effects (font (size 0.4 0.4) (thickness 0.06)))
    )
    (pad 1 smd roundrect (at -0.7875 0 270) (size 0.875 0.95) (layers F.Cu F.Paste F.Mask) (roundrect_rratio 0.25)
      (net 1 GND))
    (pad 2 smd roundrect (at 0.7875 0 270) (size 0.875 0.95) (layers F.Cu F.Paste F.Mask) (roundrect_rratio 0.25)
      (net 80 VDDD))
    (model ${KISYS3DMOD}/Capacitor_SMD.3dshapes/C_0603_1608Metric.wrl
      (at (xyz 0 0 0))
      (scale (xyz 1 1 1))
      (rotate (xyz 0 0 0))
    )
  )

  (module Capacitor_SMD:C_0603_1608Metric (layer F.Cu) (tedit 5B301BBE) (tstamp 5D9D4837)
    (at 228.5 158 90)
    (descr "Capacitor SMD 0603 (1608 Metric), square (rectangular) end terminal, IPC_7351 nominal, (Body size source: http://www.tortai-tech.com/upload/download/2011102023233369053.pdf), generated with kicad-footprint-generator")
    (tags capacitor)
    (path /599D66A9)
    (attr smd)
    (fp_text reference C7 (at 0 -1.43 90) (layer F.SilkS)
      (effects (font (size 1 1) (thickness 0.15)))
    )
    (fp_text value 0.1uF (at 0 1.43 90) (layer F.Fab)
      (effects (font (size 1 1) (thickness 0.15)))
    )
    (fp_line (start -0.8 0.4) (end -0.8 -0.4) (layer F.Fab) (width 0.1))
    (fp_line (start -0.8 -0.4) (end 0.8 -0.4) (layer F.Fab) (width 0.1))
    (fp_line (start 0.8 -0.4) (end 0.8 0.4) (layer F.Fab) (width 0.1))
    (fp_line (start 0.8 0.4) (end -0.8 0.4) (layer F.Fab) (width 0.1))
    (fp_line (start -0.162779 -0.51) (end 0.162779 -0.51) (layer F.SilkS) (width 0.12))
    (fp_line (start -0.162779 0.51) (end 0.162779 0.51) (layer F.SilkS) (width 0.12))
    (fp_line (start -1.48 0.73) (end -1.48 -0.73) (layer F.CrtYd) (width 0.05))
    (fp_line (start -1.48 -0.73) (end 1.48 -0.73) (layer F.CrtYd) (width 0.05))
    (fp_line (start 1.48 -0.73) (end 1.48 0.73) (layer F.CrtYd) (width 0.05))
    (fp_line (start 1.48 0.73) (end -1.48 0.73) (layer F.CrtYd) (width 0.05))
    (fp_text user %R (at 0 0 90) (layer F.Fab)
      (effects (font (size 0.4 0.4) (thickness 0.06)))
    )
    (pad 1 smd roundrect (at -0.7875 0 90) (size 0.875 0.95) (layers F.Cu F.Paste F.Mask) (roundrect_rratio 0.25)
      (net 1 GND))
    (pad 2 smd roundrect (at 0.7875 0 90) (size 0.875 0.95) (layers F.Cu F.Paste F.Mask) (roundrect_rratio 0.25)
      (net 80 VDDD))
    (model ${KISYS3DMOD}/Capacitor_SMD.3dshapes/C_0603_1608Metric.wrl
      (at (xyz 0 0 0))
      (scale (xyz 1 1 1))
      (rotate (xyz 0 0 0))
    )
  )

  (module Capacitor_SMD:C_0603_1608Metric (layer F.Cu) (tedit 5B301BBE) (tstamp 5D9D4847)
    (at 212.5 158 90)
    (descr "Capacitor SMD 0603 (1608 Metric), square (rectangular) end terminal, IPC_7351 nominal, (Body size source: http://www.tortai-tech.com/upload/download/2011102023233369053.pdf), generated with kicad-footprint-generator")
    (tags capacitor)
    (path /599D675F)
    (attr smd)
    (fp_text reference C8 (at 0 -1.43 90) (layer F.SilkS)
      (effects (font (size 1 1) (thickness 0.15)))
    )
    (fp_text value 0.1uF (at 0 1.43 90) (layer F.Fab)
      (effects (font (size 1 1) (thickness 0.15)))
    )
    (fp_text user %R (at 0 0 90) (layer F.Fab)
      (effects (font (size 0.4 0.4) (thickness 0.06)))
    )
    (fp_line (start 1.48 0.73) (end -1.48 0.73) (layer F.CrtYd) (width 0.05))
    (fp_line (start 1.48 -0.73) (end 1.48 0.73) (layer F.CrtYd) (width 0.05))
    (fp_line (start -1.48 -0.73) (end 1.48 -0.73) (layer F.CrtYd) (width 0.05))
    (fp_line (start -1.48 0.73) (end -1.48 -0.73) (layer F.CrtYd) (width 0.05))
    (fp_line (start -0.162779 0.51) (end 0.162779 0.51) (layer F.SilkS) (width 0.12))
    (fp_line (start -0.162779 -0.51) (end 0.162779 -0.51) (layer F.SilkS) (width 0.12))
    (fp_line (start 0.8 0.4) (end -0.8 0.4) (layer F.Fab) (width 0.1))
    (fp_line (start 0.8 -0.4) (end 0.8 0.4) (layer F.Fab) (width 0.1))
    (fp_line (start -0.8 -0.4) (end 0.8 -0.4) (layer F.Fab) (width 0.1))
    (fp_line (start -0.8 0.4) (end -0.8 -0.4) (layer F.Fab) (width 0.1))
    (pad 2 smd roundrect (at 0.7875 0 90) (size 0.875 0.95) (layers F.Cu F.Paste F.Mask) (roundrect_rratio 0.25)
      (net 80 VDDD))
    (pad 1 smd roundrect (at -0.7875 0 90) (size 0.875 0.95) (layers F.Cu F.Paste F.Mask) (roundrect_rratio 0.25)
      (net 1 GND))
    (model ${KISYS3DMOD}/Capacitor_SMD.3dshapes/C_0603_1608Metric.wrl
      (at (xyz 0 0 0))
      (scale (xyz 1 1 1))
      (rotate (xyz 0 0 0))
    )
  )

  (module Capacitor_SMD:C_0603_1608Metric (layer F.Cu) (tedit 5B301BBE) (tstamp 5D9D4857)
    (at 234.25 150)
    (descr "Capacitor SMD 0603 (1608 Metric), square (rectangular) end terminal, IPC_7351 nominal, (Body size source: http://www.tortai-tech.com/upload/download/2011102023233369053.pdf), generated with kicad-footprint-generator")
    (tags capacitor)
    (path /599CE7A1)
    (attr smd)
    (fp_text reference C9 (at 0 -1.43) (layer F.SilkS)
      (effects (font (size 1 1) (thickness 0.15)))
    )
    (fp_text value 47uF (at 0 1.43) (layer F.Fab)
      (effects (font (size 1 1) (thickness 0.15)))
    )
    (fp_line (start -0.8 0.4) (end -0.8 -0.4) (layer F.Fab) (width 0.1))
    (fp_line (start -0.8 -0.4) (end 0.8 -0.4) (layer F.Fab) (width 0.1))
    (fp_line (start 0.8 -0.4) (end 0.8 0.4) (layer F.Fab) (width 0.1))
    (fp_line (start 0.8 0.4) (end -0.8 0.4) (layer F.Fab) (width 0.1))
    (fp_line (start -0.162779 -0.51) (end 0.162779 -0.51) (layer F.SilkS) (width 0.12))
    (fp_line (start -0.162779 0.51) (end 0.162779 0.51) (layer F.SilkS) (width 0.12))
    (fp_line (start -1.48 0.73) (end -1.48 -0.73) (layer F.CrtYd) (width 0.05))
    (fp_line (start -1.48 -0.73) (end 1.48 -0.73) (layer F.CrtYd) (width 0.05))
    (fp_line (start 1.48 -0.73) (end 1.48 0.73) (layer F.CrtYd) (width 0.05))
    (fp_line (start 1.48 0.73) (end -1.48 0.73) (layer F.CrtYd) (width 0.05))
    (fp_text user %R (at 0 0) (layer F.Fab)
      (effects (font (size 0.4 0.4) (thickness 0.06)))
    )
    (pad 1 smd roundrect (at -0.7875 0) (size 0.875 0.95) (layers F.Cu F.Paste F.Mask) (roundrect_rratio 0.25)
      (net 243 VCCD_C1))
    (pad 2 smd roundrect (at 0.7875 0) (size 0.875 0.95) (layers F.Cu F.Paste F.Mask) (roundrect_rratio 0.25)
      (net 1 GND))
    (model ${KISYS3DMOD}/Capacitor_SMD.3dshapes/C_0603_1608Metric.wrl
      (at (xyz 0 0 0))
      (scale (xyz 1 1 1))
      (rotate (xyz 0 0 0))
    )
  )

  (module Capacitor_SMD:C_0603_1608Metric (layer F.Cu) (tedit 5B301BBE) (tstamp 5D9D4867)
    (at 237.5 150)
    (descr "Capacitor SMD 0603 (1608 Metric), square (rectangular) end terminal, IPC_7351 nominal, (Body size source: http://www.tortai-tech.com/upload/download/2011102023233369053.pdf), generated with kicad-footprint-generator")
    (tags capacitor)
    (path /599CC9FE)
    (attr smd)
    (fp_text reference C10 (at 0 -1.43) (layer F.SilkS)
      (effects (font (size 1 1) (thickness 0.15)))
    )
    (fp_text value 47uF (at 0 1.43) (layer F.Fab)
      (effects (font (size 1 1) (thickness 0.15)))
    )
    (fp_text user %R (at 0 0) (layer F.Fab)
      (effects (font (size 0.4 0.4) (thickness 0.06)))
    )
    (fp_line (start 1.48 0.73) (end -1.48 0.73) (layer F.CrtYd) (width 0.05))
    (fp_line (start 1.48 -0.73) (end 1.48 0.73) (layer F.CrtYd) (width 0.05))
    (fp_line (start -1.48 -0.73) (end 1.48 -0.73) (layer F.CrtYd) (width 0.05))
    (fp_line (start -1.48 0.73) (end -1.48 -0.73) (layer F.CrtYd) (width 0.05))
    (fp_line (start -0.162779 0.51) (end 0.162779 0.51) (layer F.SilkS) (width 0.12))
    (fp_line (start -0.162779 -0.51) (end 0.162779 -0.51) (layer F.SilkS) (width 0.12))
    (fp_line (start 0.8 0.4) (end -0.8 0.4) (layer F.Fab) (width 0.1))
    (fp_line (start 0.8 -0.4) (end 0.8 0.4) (layer F.Fab) (width 0.1))
    (fp_line (start -0.8 -0.4) (end 0.8 -0.4) (layer F.Fab) (width 0.1))
    (fp_line (start -0.8 0.4) (end -0.8 -0.4) (layer F.Fab) (width 0.1))
    (pad 2 smd roundrect (at 0.7875 0) (size 0.875 0.95) (layers F.Cu F.Paste F.Mask) (roundrect_rratio 0.25)
      (net 1 GND))
    (pad 1 smd roundrect (at -0.7875 0) (size 0.875 0.95) (layers F.Cu F.Paste F.Mask) (roundrect_rratio 0.25)
      (net 80 VDDD))
    (model ${KISYS3DMOD}/Capacitor_SMD.3dshapes/C_0603_1608Metric.wrl
      (at (xyz 0 0 0))
      (scale (xyz 1 1 1))
      (rotate (xyz 0 0 0))
    )
  )

  (module Capacitor_SMD:C_0603_1608Metric (layer F.Cu) (tedit 5B301BBE) (tstamp 5D9D4877)
    (at 234.25 146.5)
    (descr "Capacitor SMD 0603 (1608 Metric), square (rectangular) end terminal, IPC_7351 nominal, (Body size source: http://www.tortai-tech.com/upload/download/2011102023233369053.pdf), generated with kicad-footprint-generator")
    (tags capacitor)
    (path /599CE79B)
    (attr smd)
    (fp_text reference C11 (at 0 -1.43) (layer F.SilkS)
      (effects (font (size 1 1) (thickness 0.15)))
    )
    (fp_text value 1uF (at 0 1.43) (layer F.Fab)
      (effects (font (size 1 1) (thickness 0.15)))
    )
    (fp_text user %R (at 0 0) (layer F.Fab)
      (effects (font (size 0.4 0.4) (thickness 0.06)))
    )
    (fp_line (start 1.48 0.73) (end -1.48 0.73) (layer F.CrtYd) (width 0.05))
    (fp_line (start 1.48 -0.73) (end 1.48 0.73) (layer F.CrtYd) (width 0.05))
    (fp_line (start -1.48 -0.73) (end 1.48 -0.73) (layer F.CrtYd) (width 0.05))
    (fp_line (start -1.48 0.73) (end -1.48 -0.73) (layer F.CrtYd) (width 0.05))
    (fp_line (start -0.162779 0.51) (end 0.162779 0.51) (layer F.SilkS) (width 0.12))
    (fp_line (start -0.162779 -0.51) (end 0.162779 -0.51) (layer F.SilkS) (width 0.12))
    (fp_line (start 0.8 0.4) (end -0.8 0.4) (layer F.Fab) (width 0.1))
    (fp_line (start 0.8 -0.4) (end 0.8 0.4) (layer F.Fab) (width 0.1))
    (fp_line (start -0.8 -0.4) (end 0.8 -0.4) (layer F.Fab) (width 0.1))
    (fp_line (start -0.8 0.4) (end -0.8 -0.4) (layer F.Fab) (width 0.1))
    (pad 2 smd roundrect (at 0.7875 0) (size 0.875 0.95) (layers F.Cu F.Paste F.Mask) (roundrect_rratio 0.25)
      (net 1 GND))
    (pad 1 smd roundrect (at -0.7875 0) (size 0.875 0.95) (layers F.Cu F.Paste F.Mask) (roundrect_rratio 0.25)
      (net 243 VCCD_C1))
    (model ${KISYS3DMOD}/Capacitor_SMD.3dshapes/C_0603_1608Metric.wrl
      (at (xyz 0 0 0))
      (scale (xyz 1 1 1))
      (rotate (xyz 0 0 0))
    )
  )

