(kicad_pcb (version 20171130) (host pcbnew "(5.0.0-3-g5ebb6b6)")

  (general
    (thickness 1.6)
    (drawings 416)
    (tracks 3394)
    (zones 0)
    (modules 86)
    (nets 193)
  )

  (page A4)
  (layers
    (0 F.Cu signal)
    (1 In1.Cu signal)
    (2 In2.Cu signal)
    (31 B.Cu signal)
    (32 B.Adhes user)
    (33 F.Adhes user)
    (34 B.Paste user)
    (35 F.Paste user)
    (36 B.SilkS user)
    (37 F.SilkS user)
    (38 B.Mask user)
    (39 F.Mask user)
    (40 Dwgs.User user)
    (41 Cmts.User user)
    (42 Eco1.User user)
    (43 Eco2.User user)
    (44 Edge.Cuts user hide)
    (45 Margin user)
    (46 B.CrtYd user hide)
    (47 F.CrtYd user hide)
    (48 B.Fab user hide)
    (49 F.Fab user)
  )

  (setup
    (last_trace_width 0.254)
    (user_trace_width 0.254)
    (user_trace_width 0.4)
    (trace_clearance 0.2)
    (zone_clearance 0.4)
    (zone_45_only yes)
    (trace_min 0.16)
    (segment_width 0.2)
    (edge_width 0.15)
    (via_size 0.6)
    (via_drill 0.3)
    (via_min_size 0.6)
    (via_min_drill 0.3)
    (uvia_size 0.6)
    (uvia_drill 0.3)
    (uvias_allowed no)
    (uvia_min_size 0.6)
    (uvia_min_drill 0.1)
    (pcb_text_width 0.3)
    (pcb_text_size 1.5 1.5)
    (mod_edge_width 0.15)
    (mod_text_size 1 1)
    (mod_text_width 0.15)
    (pad_size 6.5024 6.5024)
    (pad_drill 5.10032)
    (pad_to_mask_clearance 0.2)
    (aux_axis_origin 0 0)
    (visible_elements FFFFFF7F)
    (pcbplotparams
      (layerselection 0x010f8_ffffffff)
      (usegerberextensions false)
      (usegerberattributes false)
      (usegerberadvancedattributes false)
      (creategerberjobfile false)
      (excludeedgelayer true)
      (linewidth 0.100000)
      (plotframeref false)
      (viasonmask false)
      (mode 1)
      (useauxorigin false)
      (hpglpennumber 1)
      (hpglpenspeed 20)
      (hpglpendiameter 15.000000)
      (psnegative false)
      (psa4output false)
      (plotreference true)
      (plotvalue true)
      (plotinvisibletext false)
      (padsonsilk false)
      (subtractmaskfromsilk false)
      (outputformat 1)
      (mirror false)
      (drillshape 0)
      (scaleselection 1)
      (outputdirectory "Gerbers/"))
  )

  (net 0 "")
  (net 1 GND)
  (net 2 BT1_RX)
  (net 3 BT1_TX)
  (net 4 D18)
  (net 5 D17)
  (net 6 D50)
  (net 7 D49)
  (net 8 I2C0_SCL)
  (net 9 I2C0_SDA)
  (net 10 D8)
  (net 11 D9)
  (net 12 D10)
  (net 13 D11)
  (net 14 D12)
  (net 15 D13)
  (net 16 D14)
  (net 17 D15)
  (net 18 D16)
  (net 19 D19)
  (net 20 D20)
  (net 21 D21)
  (net 22 D22)
  (net 23 D23)
  (net 24 D24)
  (net 25 D25)
  (net 26 D26)
  (net 27 D27)
  (net 28 D28)
  (net 29 D29)
  (net 30 D30)
  (net 31 D31)
  (net 32 D32)
  (net 33 D1)
  (net 34 D2)
  (net 35 D3)
  (net 36 D4)
  (net 37 D5)
  (net 38 D6)
  (net 39 D7)
  (net 40 D40)
  (net 41 D41)
  (net 42 D42)
  (net 43 D43)
  (net 44 D44)
  (net 45 D45)
  (net 46 D46)
  (net 47 D47)
  (net 48 D48)
  (net 49 D51)
  (net 50 D52)
  (net 51 D53)
  (net 52 D54)
  (net 53 D55)
  (net 54 D56)
  (net 55 D57)
  (net 56 D58)
  (net 57 D59)
  (net 58 D60)
  (net 59 D61)
  (net 60 D62)
  (net 61 D63)
  (net 62 D64)
  (net 63 D33)
  (net 64 D34)
  (net 65 D35)
  (net 66 D36)
  (net 67 D37)
  (net 68 D38)
  (net 69 D39)
  (net 70 VDDD)
  (net 71 SWDIO5)
  (net 72 SWDCLK5)
  (net 73 "Net-(CPU1-Pad11)")
  (net 74 "Net-(CPU1-Pad18)")
  (net 75 "Net-(CPU1-Pad19)")
  (net 76 "Net-(CPU1-Pad22)")
  (net 77 "Net-(CPU1-Pad24)")
  (net 78 "Net-(CPU1-Pad27)")
  (net 79 "Net-(CPU1-Pad32)")
  (net 80 "Net-(CPU1-Pad34)")
  (net 81 "Net-(CPU1-Pad40)")
  (net 82 "Net-(CPU1-Pad41)")
  (net 83 "Net-(CPU1-Pad43)")
  (net 84 "Net-(CPU1-Pad45)")
  (net 85 "Net-(CPU1-Pad47)")
  (net 86 "Net-(CPU1-Pad49)")
  (net 87 "Net-(CPU1-Pad52)")
  (net 88 "Net-(CPU1-Pad53)")
  (net 89 "Net-(CPU1-Pad54)")
  (net 90 "Net-(CPU1-Pad55)")
  (net 91 "Net-(CPU1-Pad57)")
  (net 92 "Net-(CPU1-Pad58)")
  (net 93 "Net-(CPU1-Pad59)")
  (net 94 "Net-(CPU1-Pad60)")
  (net 95 "Net-(CPU1-Pad61)")
  (net 96 "Net-(CPU1-Pad62)")
  (net 97 "Net-(CPU1-Pad67)")
  (net 98 "Net-(CPU1-Pad68)")
  (net 99 "Net-(CPU1-Pad71)")
  (net 100 "Net-(CPU1-Pad72)")
  (net 101 "Net-(CPU1-Pad77)")
  (net 102 "Net-(CPU1-Pad78)")
  (net 103 "Net-(CPU1-Pad79)")
  (net 104 "Net-(CPU1-Pad91)")
  (net 105 "Net-(CPU1-Pad93)")
  (net 106 "Net-(CPU1-Pad95)")
  (net 107 "Net-(CPU1-Pad98)")
  (net 108 "Net-(CPU1-Pad99)")
  (net 109 DD1)
  (net 110 "Net-(CPU1-Pad42)")
  (net 111 "Net-(CPU1-Pad44)")
  (net 112 "Net-(CPU1-Pad46)")
  (net 113 SS1)
  (net 114 DD2)
  (net 115 SS2)
  (net 116 IO1)
  (net 117 IO2)
  (net 118 IO3)
  (net 119 IO4)
  (net 120 "Net-(CPU1-Pad48)")
  (net 121 "Net-(CPU1-Pad51)")
  (net 122 SWDIO2)
  (net 123 SWDCLK2)
  (net 124 SWDIO4)
  (net 125 SWDCLK4)
  (net 126 XRES)
  (net 127 SWDIO)
  (net 128 SWDCLK)
  (net 129 SWDIO1)
  (net 130 SWDCLK1)
  (net 131 SWDIO3)
  (net 132 SWDCLK3)
  (net 133 "Net-(MUX1-Pad11)")
  (net 134 "Net-(MUX1-Pad15)")
  (net 135 "Net-(MUX2-Pad11)")
  (net 136 "Net-(MUX2-Pad15)")
  (net 137 "Net-(MUX3-Pad11)")
  (net 138 "Net-(MUX3-Pad15)")
  (net 139 "Net-(MUX4-Pad11)")
  (net 140 "Net-(MUX4-Pad15)")
  (net 141 VBUS1)
  (net 142 BT1_RXR)
  (net 143 "Net-(OUT1-Pad14)")
  (net 144 VDDA_M1)
  (net 145 VCCD_M1)
  (net 146 VDDA_M3)
  (net 147 VCCD_M3)
  (net 148 VDDA_M4)
  (net 149 VCCD_M4)
  (net 150 VDDA_M2)
  (net 151 VCCD_M2)
  (net 152 VCCD_C1)
  (net 153 VDDA_C1)
  (net 154 VCCA_C1)
  (net 155 USB1_ID)
  (net 156 USBDP_C1)
  (net 157 USBDM_C1)
  (net 158 USB1_D+)
  (net 159 USB1_D-)
  (net 160 "Net-(IPEX2-Pad2)")
  (net 161 "Net-(IPEX3-Pad2)")
  (net 162 "Net-(IPEX4-Pad2)")
  (net 163 "Net-(IPEX5-Pad2)")
  (net 164 "Net-(IPEX6-Pad2)")
  (net 165 "Net-(IPEX7-Pad2)")
  (net 166 "Net-(IPEX8-Pad2)")
  (net 167 SolutionGate_Socket)
  (net 168 LocalGates_Socket)
  (net 169 BackGate_Socket)
  (net 170 "Net-(CPU1-Pad1)")
  (net 171 "Net-(CPU1-Pad2)")
  (net 172 "Net-(CPU1-Pad3)")
  (net 173 Gate_R1M_Low)
  (net 174 Gate_R1M_High)
  (net 175 TIA_R10k)
  (net 176 TIA_R1M)
  (net 177 TIA_R100M)
  (net 178 "Net-(CPU1-Pad17)")
  (net 179 AMP1_VOUT)
  (net 180 AMP1_Vplus)
  (net 181 AMP1_Vminus)
  (net 182 "Net-(CPU1-Pad8)")
  (net 183 "Net-(CPU1-Pad9)")
  (net 184 "Net-(CPU1-Pad16)")
  (net 185 "Net-(CPU1-Pad89)")
  (net 186 Gate)
  (net 187 "Net-(CPU1-Pad28)")
  (net 188 "Net-(CPU1-Pad31)")
  (net 189 "Net-(CPU1-Pad81)")
  (net 190 DeltaSigma_Bypass_Cap)
  (net 191 SAR1_Bypass_Cap)
  (net 192 SAR2_Bypass_Cap)

  (net_class Default "This is the default net class."
    (clearance 0.2)
    (trace_width 0.254)
    (via_dia 0.6)
    (via_drill 0.3)
    (uvia_dia 0.6)
    (uvia_drill 0.3)
    (add_net AMP1_VOUT)
    (add_net AMP1_Vminus)
    (add_net AMP1_Vplus)
    (add_net BT1_RX)
    (add_net BT1_RXR)
    (add_net BT1_TX)
    (add_net BackGate_Socket)
    (add_net D1)
    (add_net D10)
    (add_net D11)
    (add_net D12)
    (add_net D13)
    (add_net D14)
    (add_net D15)
    (add_net D16)
    (add_net D17)
    (add_net D18)
    (add_net D19)
    (add_net D2)
    (add_net D20)
    (add_net D21)
    (add_net D22)
    (add_net D23)
    (add_net D24)
    (add_net D25)
    (add_net D26)
    (add_net D27)
    (add_net D28)
    (add_net D29)
    (add_net D3)
    (add_net D30)
    (add_net D31)
    (add_net D32)
    (add_net D33)
    (add_net D34)
    (add_net D35)
    (add_net D36)
    (add_net D37)
    (add_net D38)
    (add_net D39)
    (add_net D4)
    (add_net D40)
    (add_net D41)
    (add_net D42)
    (add_net D43)
    (add_net D44)
    (add_net D45)
    (add_net D46)
    (add_net D47)
    (add_net D48)
    (add_net D49)
    (add_net D5)
    (add_net D50)
    (add_net D51)
    (add_net D52)
    (add_net D53)
    (add_net D54)
    (add_net D55)
    (add_net D56)
    (add_net D57)
    (add_net D58)
    (add_net D59)
    (add_net D6)
    (add_net D60)
    (add_net D61)
    (add_net D62)
    (add_net D63)
    (add_net D64)
    (add_net D7)
    (add_net D8)
    (add_net D9)
    (add_net DD1)
    (add_net DD2)
    (add_net DeltaSigma_Bypass_Cap)
    (add_net GND)
    (add_net Gate)
    (add_net Gate_R1M_High)
    (add_net Gate_R1M_Low)
    (add_net I2C0_SCL)
    (add_net I2C0_SDA)
    (add_net IO1)
    (add_net IO2)
    (add_net IO3)
    (add_net IO4)
    (add_net LocalGates_Socket)
    (add_net "Net-(CPU1-Pad1)")
    (add_net "Net-(CPU1-Pad11)")
    (add_net "Net-(CPU1-Pad16)")
    (add_net "Net-(CPU1-Pad17)")
    (add_net "Net-(CPU1-Pad18)")
    (add_net "Net-(CPU1-Pad19)")
    (add_net "Net-(CPU1-Pad2)")
    (add_net "Net-(CPU1-Pad22)")
    (add_net "Net-(CPU1-Pad24)")
    (add_net "Net-(CPU1-Pad27)")
    (add_net "Net-(CPU1-Pad28)")
    (add_net "Net-(CPU1-Pad3)")
    (add_net "Net-(CPU1-Pad31)")
    (add_net "Net-(CPU1-Pad32)")
    (add_net "Net-(CPU1-Pad34)")
    (add_net "Net-(CPU1-Pad40)")
    (add_net "Net-(CPU1-Pad41)")
    (add_net "Net-(CPU1-Pad42)")
    (add_net "Net-(CPU1-Pad43)")
    (add_net "Net-(CPU1-Pad44)")
    (add_net "Net-(CPU1-Pad45)")
    (add_net "Net-(CPU1-Pad46)")
    (add_net "Net-(CPU1-Pad47)")
    (add_net "Net-(CPU1-Pad48)")
    (add_net "Net-(CPU1-Pad49)")
    (add_net "Net-(CPU1-Pad51)")
    (add_net "Net-(CPU1-Pad52)")
    (add_net "Net-(CPU1-Pad53)")
    (add_net "Net-(CPU1-Pad54)")
    (add_net "Net-(CPU1-Pad55)")
    (add_net "Net-(CPU1-Pad57)")
    (add_net "Net-(CPU1-Pad58)")
    (add_net "Net-(CPU1-Pad59)")
    (add_net "Net-(CPU1-Pad60)")
    (add_net "Net-(CPU1-Pad61)")
    (add_net "Net-(CPU1-Pad62)")
    (add_net "Net-(CPU1-Pad67)")
    (add_net "Net-(CPU1-Pad68)")
    (add_net "Net-(CPU1-Pad71)")
    (add_net "Net-(CPU1-Pad72)")
    (add_net "Net-(CPU1-Pad77)")
    (add_net "Net-(CPU1-Pad78)")
    (add_net "Net-(CPU1-Pad79)")
    (add_net "Net-(CPU1-Pad8)")
    (add_net "Net-(CPU1-Pad81)")
    (add_net "Net-(CPU1-Pad89)")
    (add_net "Net-(CPU1-Pad9)")
    (add_net "Net-(CPU1-Pad91)")
    (add_net "Net-(CPU1-Pad93)")
    (add_net "Net-(CPU1-Pad95)")
    (add_net "Net-(CPU1-Pad98)")
    (add_net "Net-(CPU1-Pad99)")
    (add_net "Net-(IPEX2-Pad2)")
    (add_net "Net-(IPEX3-Pad2)")
    (add_net "Net-(IPEX4-Pad2)")
    (add_net "Net-(IPEX5-Pad2)")
    (add_net "Net-(IPEX6-Pad2)")
    (add_net "Net-(IPEX7-Pad2)")
    (add_net "Net-(IPEX8-Pad2)")
    (add_net "Net-(MUX1-Pad11)")
    (add_net "Net-(MUX1-Pad15)")
    (add_net "Net-(MUX2-Pad11)")
    (add_net "Net-(MUX2-Pad15)")
    (add_net "Net-(MUX3-Pad11)")
    (add_net "Net-(MUX3-Pad15)")
    (add_net "Net-(MUX4-Pad11)")
    (add_net "Net-(MUX4-Pad15)")
    (add_net "Net-(OUT1-Pad14)")
    (add_net SAR1_Bypass_Cap)
    (add_net SAR2_Bypass_Cap)
    (add_net SS1)
    (add_net SS2)
    (add_net SWDCLK)
    (add_net SWDCLK1)
    (add_net SWDCLK2)
    (add_net SWDCLK3)
    (add_net SWDCLK4)
    (add_net SWDCLK5)
    (add_net SWDIO)
    (add_net SWDIO1)
    (add_net SWDIO2)
    (add_net SWDIO3)
    (add_net SWDIO4)
    (add_net SWDIO5)
    (add_net SolutionGate_Socket)
    (add_net TIA_R100M)
    (add_net TIA_R10k)
    (add_net TIA_R1M)
    (add_net USB1_D+)
    (add_net USB1_D-)
    (add_net USB1_ID)
    (add_net USBDM_C1)
    (add_net USBDP_C1)
    (add_net VBUS1)
    (add_net VCCA_C1)
    (add_net VCCD_C1)
    (add_net VCCD_M1)
    (add_net VCCD_M2)
    (add_net VCCD_M3)
    (add_net VCCD_M4)
    (add_net VDDA_C1)
    (add_net VDDA_M1)
    (add_net VDDA_M2)
    (add_net VDDA_M3)
    (add_net VDDA_M4)
    (add_net VDDD)
    (add_net XRES)
  )

  (net_class In ""
    (clearance 0.2032)
    (trace_width 0.4)
    (via_dia 0.6)
    (via_drill 0.3)
    (uvia_dia 0.6)
    (uvia_drill 0.3)
  )

  (module "Custom_Footprint_Library:IPEX_Connector_SMD_(RECE.20279.001E.01)" (layer F.Cu) (tedit 5DB06C58) (tstamp 5DBCAE80)
    (at 255.25 118 270)
    (path /5DB21D81)
    (solder_mask_margin 0.1)
    (solder_paste_margin -0.2)
    (fp_text reference IPEX2 (at 0 -3.5 270) (layer F.SilkS) hide
      (effects (font (size 1 1) (thickness 0.15)))
    )
    (fp_text value Conn_01x02 (at 0 2.5 270) (layer F.Fab) hide
      (effects (font (size 1 1) (thickness 0.15)))
    )
    (pad 2 smd rect (at 1.685 -1.25 270) (size 1.2 2.5) (layers F.Cu F.Paste F.Mask)
      (net 160 "Net-(IPEX2-Pad2)"))
    (pad 2 smd rect (at -1.685 -1.25 270) (size 1.2 2.5) (layers F.Cu F.Paste F.Mask)
      (net 160 "Net-(IPEX2-Pad2)"))
    (pad 1 smd rect (at 0 0.48 270) (size 1.15 1.2) (layers F.Cu F.Paste F.Mask)
      (net 167 SolutionGate_Socket) (solder_mask_margin 0.45))
    (pad 3 smd rect (at 0 -1.65 270) (size 0.2 0.2) (layers F.Cu F.Mask)
      (solder_mask_margin 1.25) (clearance 0.98) (zone_connect 1) (thermal_width 2) (thermal_gap 2))
  )

  (module Custom_Footprint_Library:MountingHole_5.1mm (layer F.Cu) (tedit 5D9DF564) (tstamp 5DA95D3A)
    (at 163.83 92.71)
    (path /5DA5A0AE)
    (fp_text reference MH1 (at 0 -5.08) (layer F.SilkS) hide
      (effects (font (size 1 1) (thickness 0.15)))
    )
    (fp_text value MountingHole (at 0 5.08) (layer F.Fab) hide
      (effects (font (size 1 1) (thickness 0.15)))
    )
    (pad 1 thru_hole circle (at 0 0.635) (size 6.5024 6.5024) (drill 5.10032) (layers *.Cu *.Mask))
  )

  (module Custom_Footprint_Library:MountingHole_5.1mm (layer F.Cu) (tedit 5D9DF557) (tstamp 5DA95D3F)
    (at 163.83 100.33)
    (path /5D9EBACA)
    (fp_text reference MH2 (at 0 -5.08) (layer F.SilkS) hide
      (effects (font (size 1 1) (thickness 0.15)))
    )
    (fp_text value MountingHole (at 0 5.08) (layer F.Fab) hide
      (effects (font (size 1 1) (thickness 0.15)))
    )
    (pad 1 thru_hole circle (at 0 0.635) (size 6.5024 6.5024) (drill 5.10032) (layers *.Cu *.Mask))
  )

  (module Custom_Footprint_Library:MountingHole_5.1mm (layer F.Cu) (tedit 5D9DF551) (tstamp 5DA95D44)
    (at 163.83 107.95)
    (path /5D9EABCE)
    (fp_text reference MH3 (at 0 -5.08) (layer F.SilkS) hide
      (effects (font (size 1 1) (thickness 0.15)))
    )
    (fp_text value MountingHole (at 0 5.08) (layer F.Fab) hide
      (effects (font (size 1 1) (thickness 0.15)))
    )
    (pad 1 thru_hole circle (at 0 0.635) (size 6.5024 6.5024) (drill 5.10032) (layers *.Cu *.Mask))
  )

  (module Custom_Footprint_Library:MountingHole_5.1mm (layer F.Cu) (tedit 5D9DF970) (tstamp 5DA95D4E)
    (at 236.22 103.505)
    (path /5DA59D68)
    (fp_text reference MH5 (at 0 -5.08) (layer F.SilkS) hide
      (effects (font (size 1 1) (thickness 0.15)))
    )
    (fp_text value MountingHole (at 0 5.08) (layer F.Fab) hide
      (effects (font (size 1 1) (thickness 0.15)))
    )
    (pad 1 thru_hole circle (at -0.635 -2.54) (size 6.5024 6.5024) (drill 5.10032) (layers *.Cu *.Mask))
  )

  (module Custom_Footprint_Library:MountingHole_5.1mm (layer F.Cu) (tedit 5D9DF977) (tstamp 5DA95D53)
    (at 236.22 108.585)
    (path /5DA59F0E)
    (fp_text reference MH6 (at 0 -5.08) (layer F.SilkS) hide
      (effects (font (size 1 1) (thickness 0.15)))
    )
    (fp_text value MountingHole (at 0 5.08) (layer F.Fab) hide
      (effects (font (size 1 1) (thickness 0.15)))
    )
    (pad 1 thru_hole circle (at -0.635 0) (size 6.5024 6.5024) (drill 5.10032) (layers *.Cu *.Mask))
  )

  (module Capacitor_SMD:C_0603_1608Metric (layer F.Cu) (tedit 5B301BBE) (tstamp 5E4C0091)
    (at 231.5 124.5 270)
    (descr "Capacitor SMD 0603 (1608 Metric), square (rectangular) end terminal, IPC_7351 nominal, (Body size source: http://www.tortai-tech.com/upload/download/2011102023233369053.pdf), generated with kicad-footprint-generator")
    (tags capacitor)
    (path /599D6546)
    (attr smd)
    (fp_text reference C5 (at 0 -1.43 270) (layer F.SilkS)
      (effects (font (size 1 1) (thickness 0.15)))
    )
    (fp_text value 0.1uF (at 0 1.43 270) (layer F.Fab)
      (effects (font (size 1 1) (thickness 0.15)))
    )
    (fp_text user %R (at 0 0 270) (layer F.Fab)
      (effects (font (size 0.4 0.4) (thickness 0.06)))
    )
    (fp_line (start 1.48 0.73) (end -1.48 0.73) (layer F.CrtYd) (width 0.05))
    (fp_line (start 1.48 -0.73) (end 1.48 0.73) (layer F.CrtYd) (width 0.05))
    (fp_line (start -1.48 -0.73) (end 1.48 -0.73) (layer F.CrtYd) (width 0.05))
    (fp_line (start -1.48 0.73) (end -1.48 -0.73) (layer F.CrtYd) (width 0.05))
    (fp_line (start -0.162779 0.51) (end 0.162779 0.51) (layer F.SilkS) (width 0.12))
    (fp_line (start -0.162779 -0.51) (end 0.162779 -0.51) (layer F.SilkS) (width 0.12))
    (fp_line (start 0.8 0.4) (end -0.8 0.4) (layer F.Fab) (width 0.1))
    (fp_line (start 0.8 -0.4) (end 0.8 0.4) (layer F.Fab) (width 0.1))
    (fp_line (start -0.8 -0.4) (end 0.8 -0.4) (layer F.Fab) (width 0.1))
    (fp_line (start -0.8 0.4) (end -0.8 -0.4) (layer F.Fab) (width 0.1))
    (pad 2 smd roundrect (at 0.7875 0 270) (size 0.875 0.95) (layers F.Cu F.Paste F.Mask) (roundrect_rratio 0.25)
      (net 70 VDDD))
    (pad 1 smd roundrect (at -0.7875 0 270) (size 0.875 0.95) (layers F.Cu F.Paste F.Mask) (roundrect_rratio 0.25)
      (net 1 GND))
    (model ${KISYS3DMOD}/Capacitor_SMD.3dshapes/C_0603_1608Metric.wrl
      (at (xyz 0 0 0))
      (scale (xyz 1 1 1))
      (rotate (xyz 0 0 0))
    )
  )

  (module Capacitor_SMD:C_0603_1608Metric (layer F.Cu) (tedit 5B301BBE) (tstamp 5E4BCECB)
    (at 248.5 124.5 270)
    (descr "Capacitor SMD 0603 (1608 Metric), square (rectangular) end terminal, IPC_7351 nominal, (Body size source: http://www.tortai-tech.com/upload/download/2011102023233369053.pdf), generated with kicad-footprint-generator")
    (tags capacitor)
    (path /599D65F6)
    (attr smd)
    (fp_text reference C6 (at 0 -1.43 270) (layer F.SilkS)
      (effects (font (size 1 1) (thickness 0.15)))
    )
    (fp_text value 0.1uF (at 0 1.43 270) (layer F.Fab)
      (effects (font (size 1 1) (thickness 0.15)))
    )
    (fp_line (start -0.8 0.4) (end -0.8 -0.4) (layer F.Fab) (width 0.1))
    (fp_line (start -0.8 -0.4) (end 0.8 -0.4) (layer F.Fab) (width 0.1))
    (fp_line (start 0.8 -0.4) (end 0.8 0.4) (layer F.Fab) (width 0.1))
    (fp_line (start 0.8 0.4) (end -0.8 0.4) (layer F.Fab) (width 0.1))
    (fp_line (start -0.162779 -0.51) (end 0.162779 -0.51) (layer F.SilkS) (width 0.12))
    (fp_line (start -0.162779 0.51) (end 0.162779 0.51) (layer F.SilkS) (width 0.12))
    (fp_line (start -1.48 0.73) (end -1.48 -0.73) (layer F.CrtYd) (width 0.05))
    (fp_line (start -1.48 -0.73) (end 1.48 -0.73) (layer F.CrtYd) (width 0.05))
    (fp_line (start 1.48 -0.73) (end 1.48 0.73) (layer F.CrtYd) (width 0.05))
    (fp_line (start 1.48 0.73) (end -1.48 0.73) (layer F.CrtYd) (width 0.05))
    (fp_text user %R (at 0 0 270) (layer F.Fab)
      (effects (font (size 0.4 0.4) (thickness 0.06)))
    )
    (pad 1 smd roundrect (at -0.7875 0 270) (size 0.875 0.95) (layers F.Cu F.Paste F.Mask) (roundrect_rratio 0.25)
      (net 1 GND))
    (pad 2 smd roundrect (at 0.7875 0 270) (size 0.875 0.95) (layers F.Cu F.Paste F.Mask) (roundrect_rratio 0.25)
      (net 70 VDDD))
    (model ${KISYS3DMOD}/Capacitor_SMD.3dshapes/C_0603_1608Metric.wrl
      (at (xyz 0 0 0))
      (scale (xyz 1 1 1))
      (rotate (xyz 0 0 0))
    )
  )

  (module Capacitor_SMD:C_0603_1608Metric (layer F.Cu) (tedit 5B301BBE) (tstamp 5D9D4847)
    (at 231.5 143.5 90)
    (descr "Capacitor SMD 0603 (1608 Metric), square (rectangular) end terminal, IPC_7351 nominal, (Body size source: http://www.tortai-tech.com/upload/download/2011102023233369053.pdf), generated with kicad-footprint-generator")
    (tags capacitor)
    (path /599D675F)
    (attr smd)
    (fp_text reference C8 (at 0 -1.43 90) (layer F.SilkS)
      (effects (font (size 1 1) (thickness 0.15)))
    )
    (fp_text value 0.1uF (at 0 1.43 90) (layer F.Fab)
      (effects (font (size 1 1) (thickness 0.15)))
    )
    (fp_text user %R (at 0 0 90) (layer F.Fab)
      (effects (font (size 0.4 0.4) (thickness 0.06)))
    )
    (fp_line (start 1.48 0.73) (end -1.48 0.73) (layer F.CrtYd) (width 0.05))
    (fp_line (start 1.48 -0.73) (end 1.48 0.73) (layer F.CrtYd) (width 0.05))
    (fp_line (start -1.48 -0.73) (end 1.48 -0.73) (layer F.CrtYd) (width 0.05))
    (fp_line (start -1.48 0.73) (end -1.48 -0.73) (layer F.CrtYd) (width 0.05))
    (fp_line (start -0.162779 0.51) (end 0.162779 0.51) (layer F.SilkS) (width 0.12))
    (fp_line (start -0.162779 -0.51) (end 0.162779 -0.51) (layer F.SilkS) (width 0.12))
    (fp_line (start 0.8 0.4) (end -0.8 0.4) (layer F.Fab) (width 0.1))
    (fp_line (start 0.8 -0.4) (end 0.8 0.4) (layer F.Fab) (width 0.1))
    (fp_line (start -0.8 -0.4) (end 0.8 -0.4) (layer F.Fab) (width 0.1))
    (fp_line (start -0.8 0.4) (end -0.8 -0.4) (layer F.Fab) (width 0.1))
    (pad 2 smd roundrect (at 0.7875 0 90) (size 0.875 0.95) (layers F.Cu F.Paste F.Mask) (roundrect_rratio 0.25)
      (net 70 VDDD))
    (pad 1 smd roundrect (at -0.7875 0 90) (size 0.875 0.95) (layers F.Cu F.Paste F.Mask) (roundrect_rratio 0.25)
      (net 1 GND))
    (model ${KISYS3DMOD}/Capacitor_SMD.3dshapes/C_0603_1608Metric.wrl
      (at (xyz 0 0 0))
      (scale (xyz 1 1 1))
      (rotate (xyz 0 0 0))
    )
  )

  (module Capacitor_SMD:C_0603_1608Metric (layer F.Cu) (tedit 5E710E68) (tstamp 5DB34380)
    (at 253.25 133.5)
    (descr "Capacitor SMD 0603 (1608 Metric), square (rectangular) end terminal, IPC_7351 nominal, (Body size source: http://www.tortai-tech.com/upload/download/2011102023233369053.pdf), generated with kicad-footprint-generator")
    (tags capacitor)
    (path /599CE7A1)
    (attr smd)
    (fp_text reference C9 (at 0 -1.43) (layer F.SilkS)
      (effects (font (size 1 1) (thickness 0.15)))
    )
    (fp_text value 0.1uF (at -3.25 0) (layer F.Fab)
      (effects (font (size 1 1) (thickness 0.15)))
    )
    (fp_line (start -0.8 0.4) (end -0.8 -0.4) (layer F.Fab) (width 0.1))
    (fp_line (start -0.8 -0.4) (end 0.8 -0.4) (layer F.Fab) (width 0.1))
    (fp_line (start 0.8 -0.4) (end 0.8 0.4) (layer F.Fab) (width 0.1))
    (fp_line (start 0.8 0.4) (end -0.8 0.4) (layer F.Fab) (width 0.1))
    (fp_line (start -0.162779 -0.51) (end 0.162779 -0.51) (layer F.SilkS) (width 0.12))
    (fp_line (start -0.162779 0.51) (end 0.162779 0.51) (layer F.SilkS) (width 0.12))
    (fp_line (start -1.48 0.73) (end -1.48 -0.73) (layer F.CrtYd) (width 0.05))
    (fp_line (start -1.48 -0.73) (end 1.48 -0.73) (layer F.CrtYd) (width 0.05))
    (fp_line (start 1.48 -0.73) (end 1.48 0.73) (layer F.CrtYd) (width 0.05))
    (fp_line (start 1.48 0.73) (end -1.48 0.73) (layer F.CrtYd) (width 0.05))
    (fp_text user %R (at 0 0) (layer F.Fab)
      (effects (font (size 0.4 0.4) (thickness 0.06)))
    )
    (pad 1 smd roundrect (at -0.7875 0) (size 0.875 0.95) (layers F.Cu F.Paste F.Mask) (roundrect_rratio 0.25)
      (net 152 VCCD_C1))
    (pad 2 smd roundrect (at 0.7875 0) (size 0.875 0.95) (layers F.Cu F.Paste F.Mask) (roundrect_rratio 0.25)
      (net 1 GND))
    (model ${KISYS3DMOD}/Capacitor_SMD.3dshapes/C_0603_1608Metric.wrl
      (at (xyz 0 0 0))
      (scale (xyz 1 1 1))
      (rotate (xyz 0 0 0))
    )
  )

  (module Capacitor_SMD:C_0603_1608Metric (layer F.Cu) (tedit 5E710E7B) (tstamp 5DB343B0)
    (at 256.5 133.5)
    (descr "Capacitor SMD 0603 (1608 Metric), square (rectangular) end terminal, IPC_7351 nominal, (Body size source: http://www.tortai-tech.com/upload/download/2011102023233369053.pdf), generated with kicad-footprint-generator")
    (tags capacitor)
    (path /599CC9FE)
    (attr smd)
    (fp_text reference C10 (at 0 -1.43) (layer F.SilkS)
      (effects (font (size 1 1) (thickness 0.15)))
    )
    (fp_text value 0.1uF (at 0 0) (layer F.Fab)
      (effects (font (size 1 1) (thickness 0.15)))
    )
    (fp_text user %R (at 0 0) (layer F.Fab)
      (effects (font (size 0.4 0.4) (thickness 0.06)))
    )
    (fp_line (start 1.48 0.73) (end -1.48 0.73) (layer F.CrtYd) (width 0.05))
    (fp_line (start 1.48 -0.73) (end 1.48 0.73) (layer F.CrtYd) (width 0.05))
    (fp_line (start -1.48 -0.73) (end 1.48 -0.73) (layer F.CrtYd) (width 0.05))
    (fp_line (start -1.48 0.73) (end -1.48 -0.73) (layer F.CrtYd) (width 0.05))
    (fp_line (start -0.162779 0.51) (end 0.162779 0.51) (layer F.SilkS) (width 0.12))
    (fp_line (start -0.162779 -0.51) (end 0.162779 -0.51) (layer F.SilkS) (width 0.12))
    (fp_line (start 0.8 0.4) (end -0.8 0.4) (layer F.Fab) (width 0.1))
    (fp_line (start 0.8 -0.4) (end 0.8 0.4) (layer F.Fab) (width 0.1))
    (fp_line (start -0.8 -0.4) (end 0.8 -0.4) (layer F.Fab) (width 0.1))
    (fp_line (start -0.8 0.4) (end -0.8 -0.4) (layer F.Fab) (width 0.1))
    (pad 2 smd roundrect (at 0.7875 0) (size 0.875 0.95) (layers F.Cu F.Paste F.Mask) (roundrect_rratio 0.25)
      (net 1 GND))
    (pad 1 smd roundrect (at -0.7875 0) (size 0.875 0.95) (layers F.Cu F.Paste F.Mask) (roundrect_rratio 0.25)
      (net 70 VDDD))
    (model ${KISYS3DMOD}/Capacitor_SMD.3dshapes/C_0603_1608Metric.wrl
      (at (xyz 0 0 0))
      (scale (xyz 1 1 1))
      (rotate (xyz 0 0 0))
    )
  )

  (module Capacitor_SMD:C_0603_1608Metric (layer F.Cu) (tedit 5B301BBE) (tstamp 5DB343E0)
    (at 253.25 130)
    (descr "Capacitor SMD 0603 (1608 Metric), square (rectangular) end terminal, IPC_7351 nominal, (Body size source: http://www.tortai-tech.com/upload/download/2011102023233369053.pdf), generated with kicad-footprint-generator")
    (tags capacitor)
    (path /599CE79B)
    (attr smd)
    (fp_text reference C11 (at 0 -1.43) (layer F.SilkS)
      (effects (font (size 1 1) (thickness 0.15)))
    )
    (fp_text value 1uF (at -2.75 0) (layer F.Fab)
      (effects (font (size 1 1) (thickness 0.15)))
    )
    (fp_text user %R (at 0 0) (layer F.Fab)
      (effects (font (size 0.4 0.4) (thickness 0.06)))
    )
    (fp_line (start 1.48 0.73) (end -1.48 0.73) (layer F.CrtYd) (width 0.05))
    (fp_line (start 1.48 -0.73) (end 1.48 0.73) (layer F.CrtYd) (width 0.05))
    (fp_line (start -1.48 -0.73) (end 1.48 -0.73) (layer F.CrtYd) (width 0.05))
    (fp_line (start -1.48 0.73) (end -1.48 -0.73) (layer F.CrtYd) (width 0.05))
    (fp_line (start -0.162779 0.51) (end 0.162779 0.51) (layer F.SilkS) (width 0.12))
    (fp_line (start -0.162779 -0.51) (end 0.162779 -0.51) (layer F.SilkS) (width 0.12))
    (fp_line (start 0.8 0.4) (end -0.8 0.4) (layer F.Fab) (width 0.1))
    (fp_line (start 0.8 -0.4) (end 0.8 0.4) (layer F.Fab) (width 0.1))
    (fp_line (start -0.8 -0.4) (end 0.8 -0.4) (layer F.Fab) (width 0.1))
    (fp_line (start -0.8 0.4) (end -0.8 -0.4) (layer F.Fab) (width 0.1))
    (pad 2 smd roundrect (at 0.7875 0) (size 0.875 0.95) (layers F.Cu F.Paste F.Mask) (roundrect_rratio 0.25)
      (net 1 GND))
    (pad 1 smd roundrect (at -0.7875 0) (size 0.875 0.95) (layers F.Cu F.Paste F.Mask) (roundrect_rratio 0.25)
      (net 152 VCCD_C1))
    (model ${KISYS3DMOD}/Capacitor_SMD.3dshapes/C_0603_1608Metric.wrl
      (at (xyz 0 0 0))
      (scale (xyz 1 1 1))
      (rotate (xyz 0 0 0))
    )
  )

  (module Capacitor_SMD:C_0603_1608Metric (layer F.Cu) (tedit 5B301BBE) (tstamp 5DB34410)
    (at 256.5 130)
    (descr "Capacitor SMD 0603 (1608 Metric), square (rectangular) end terminal, IPC_7351 nominal, (Body size source: http://www.tortai-tech.com/upload/download/2011102023233369053.pdf), generated with kicad-footprint-generator")
    (tags capacitor)
    (path /599CC9F8)
    (attr smd)
    (fp_text reference C12 (at 0 -1.43) (layer F.SilkS)
      (effects (font (size 1 1) (thickness 0.15)))
    )
    (fp_text value 1uF (at 0 0) (layer F.Fab)
      (effects (font (size 1 1) (thickness 0.15)))
    )
    (fp_line (start -0.8 0.4) (end -0.8 -0.4) (layer F.Fab) (width 0.1))
    (fp_line (start -0.8 -0.4) (end 0.8 -0.4) (layer F.Fab) (width 0.1))
    (fp_line (start 0.8 -0.4) (end 0.8 0.4) (layer F.Fab) (width 0.1))
    (fp_line (start 0.8 0.4) (end -0.8 0.4) (layer F.Fab) (width 0.1))
    (fp_line (start -0.162779 -0.51) (end 0.162779 -0.51) (layer F.SilkS) (width 0.12))
    (fp_line (start -0.162779 0.51) (end 0.162779 0.51) (layer F.SilkS) (width 0.12))
    (fp_line (start -1.48 0.73) (end -1.48 -0.73) (layer F.CrtYd) (width 0.05))
    (fp_line (start -1.48 -0.73) (end 1.48 -0.73) (layer F.CrtYd) (width 0.05))
    (fp_line (start 1.48 -0.73) (end 1.48 0.73) (layer F.CrtYd) (width 0.05))
    (fp_line (start 1.48 0.73) (end -1.48 0.73) (layer F.CrtYd) (width 0.05))
    (fp_text user %R (at 0 0) (layer F.Fab)
      (effects (font (size 0.4 0.4) (thickness 0.06)))
    )
    (pad 1 smd roundrect (at -0.7875 0) (size 0.875 0.95) (layers F.Cu F.Paste F.Mask) (roundrect_rratio 0.25)
      (net 70 VDDD))
    (pad 2 smd roundrect (at 0.7875 0) (size 0.875 0.95) (layers F.Cu F.Paste F.Mask) (roundrect_rratio 0.25)
      (net 1 GND))
    (model ${KISYS3DMOD}/Capacitor_SMD.3dshapes/C_0603_1608Metric.wrl
      (at (xyz 0 0 0))
      (scale (xyz 1 1 1))
      (rotate (xyz 0 0 0))
    )
  )

  (module Capacitor_SMD:C_0603_1608Metric (layer F.Cu) (tedit 5E710E6E) (tstamp 5DB34440)
    (at 253.25 126.5)
    (descr "Capacitor SMD 0603 (1608 Metric), square (rectangular) end terminal, IPC_7351 nominal, (Body size source: http://www.tortai-tech.com/upload/download/2011102023233369053.pdf), generated with kicad-footprint-generator")
    (tags capacitor)
    (path /599CE795)
    (attr smd)
    (fp_text reference C13 (at 0 -1.43) (layer F.SilkS)
      (effects (font (size 1 1) (thickness 0.15)))
    )
    (fp_text value 47uF (at -3.5 0) (layer F.Fab)
      (effects (font (size 1 1) (thickness 0.15)))
    )
    (fp_line (start -0.8 0.4) (end -0.8 -0.4) (layer F.Fab) (width 0.1))
    (fp_line (start -0.8 -0.4) (end 0.8 -0.4) (layer F.Fab) (width 0.1))
    (fp_line (start 0.8 -0.4) (end 0.8 0.4) (layer F.Fab) (width 0.1))
    (fp_line (start 0.8 0.4) (end -0.8 0.4) (layer F.Fab) (width 0.1))
    (fp_line (start -0.162779 -0.51) (end 0.162779 -0.51) (layer F.SilkS) (width 0.12))
    (fp_line (start -0.162779 0.51) (end 0.162779 0.51) (layer F.SilkS) (width 0.12))
    (fp_line (start -1.48 0.73) (end -1.48 -0.73) (layer F.CrtYd) (width 0.05))
    (fp_line (start -1.48 -0.73) (end 1.48 -0.73) (layer F.CrtYd) (width 0.05))
    (fp_line (start 1.48 -0.73) (end 1.48 0.73) (layer F.CrtYd) (width 0.05))
    (fp_line (start 1.48 0.73) (end -1.48 0.73) (layer F.CrtYd) (width 0.05))
    (fp_text user %R (at 0 0) (layer F.Fab)
      (effects (font (size 0.4 0.4) (thickness 0.06)))
    )
    (pad 1 smd roundrect (at -0.7875 0) (size 0.875 0.95) (layers F.Cu F.Paste F.Mask) (roundrect_rratio 0.25)
      (net 152 VCCD_C1))
    (pad 2 smd roundrect (at 0.7875 0) (size 0.875 0.95) (layers F.Cu F.Paste F.Mask) (roundrect_rratio 0.25)
      (net 1 GND))
    (model ${KISYS3DMOD}/Capacitor_SMD.3dshapes/C_0603_1608Metric.wrl
      (at (xyz 0 0 0))
      (scale (xyz 1 1 1))
      (rotate (xyz 0 0 0))
    )
  )

  (module Capacitor_SMD:C_0603_1608Metric (layer F.Cu) (tedit 5E710E74) (tstamp 5DB34470)
    (at 256.5 126.5)
    (descr "Capacitor SMD 0603 (1608 Metric), square (rectangular) end terminal, IPC_7351 nominal, (Body size source: http://www.tortai-tech.com/upload/download/2011102023233369053.pdf), generated with kicad-footprint-generator")
    (tags capacitor)
    (path /599CC9F2)
    (attr smd)
    (fp_text reference C14 (at 0 -1.43) (layer F.SilkS)
      (effects (font (size 1 1) (thickness 0.15)))
    )
    (fp_text value 47uF (at 0 0) (layer F.Fab)
      (effects (font (size 1 1) (thickness 0.15)))
    )
    (fp_text user %R (at 0 0) (layer F.Fab)
      (effects (font (size 0.4 0.4) (thickness 0.06)))
    )
    (fp_line (start 1.48 0.73) (end -1.48 0.73) (layer F.CrtYd) (width 0.05))
    (fp_line (start 1.48 -0.73) (end 1.48 0.73) (layer F.CrtYd) (width 0.05))
    (fp_line (start -1.48 -0.73) (end 1.48 -0.73) (layer F.CrtYd) (width 0.05))
    (fp_line (start -1.48 0.73) (end -1.48 -0.73) (layer F.CrtYd) (width 0.05))
    (fp_line (start -0.162779 0.51) (end 0.162779 0.51) (layer F.SilkS) (width 0.12))
    (fp_line (start -0.162779 -0.51) (end 0.162779 -0.51) (layer F.SilkS) (width 0.12))
    (fp_line (start 0.8 0.4) (end -0.8 0.4) (layer F.Fab) (width 0.1))
    (fp_line (start 0.8 -0.4) (end 0.8 0.4) (layer F.Fab) (width 0.1))
    (fp_line (start -0.8 -0.4) (end 0.8 -0.4) (layer F.Fab) (width 0.1))
    (fp_line (start -0.8 0.4) (end -0.8 -0.4) (layer F.Fab) (width 0.1))
    (pad 2 smd roundrect (at 0.7875 0) (size 0.875 0.95) (layers F.Cu F.Paste F.Mask) (roundrect_rratio 0.25)
      (net 1 GND))
    (pad 1 smd roundrect (at -0.7875 0) (size 0.875 0.95) (layers F.Cu F.Paste F.Mask) (roundrect_rratio 0.25)
      (net 70 VDDD))
    (model ${KISYS3DMOD}/Capacitor_SMD.3dshapes/C_0603_1608Metric.wrl
      (at (xyz 0 0 0))
      (scale (xyz 1 1 1))
      (rotate (xyz 0 0 0))
    )
  )

  (module Capacitor_SMD:C_0603_1608Metric (layer F.Cu) (tedit 5DB3D828) (tstamp 5E4BF4F3)
    (at 252.75 147.5 270)
    (descr "Capacitor SMD 0603 (1608 Metric), square (rectangular) end terminal, IPC_7351 nominal, (Body size source: http://www.tortai-tech.com/upload/download/2011102023233369053.pdf), generated with kicad-footprint-generator")
    (tags capacitor)
    (path /599D0A19)
    (attr smd)
    (fp_text reference C15 (at 0 1.43 270) (layer F.SilkS)
      (effects (font (size 1 1) (thickness 0.15)))
    )
    (fp_text value 47uF (at 0 1.43 270) (layer F.Fab)
      (effects (font (size 1 1) (thickness 0.15)))
    )
    (fp_text user %R (at 0 0 270) (layer F.Fab)
      (effects (font (size 0.4 0.4) (thickness 0.06)))
    )
    (fp_line (start 1.48 0.73) (end -1.48 0.73) (layer F.CrtYd) (width 0.05))
    (fp_line (start 1.48 -0.73) (end 1.48 0.73) (layer F.CrtYd) (width 0.05))
    (fp_line (start -1.48 -0.73) (end 1.48 -0.73) (layer F.CrtYd) (width 0.05))
    (fp_line (start -1.48 0.73) (end -1.48 -0.73) (layer F.CrtYd) (width 0.05))
    (fp_line (start -0.162779 0.51) (end 0.162779 0.51) (layer F.SilkS) (width 0.12))
    (fp_line (start -0.162779 -0.51) (end 0.162779 -0.51) (layer F.SilkS) (width 0.12))
    (fp_line (start 0.8 0.4) (end -0.8 0.4) (layer F.Fab) (width 0.1))
    (fp_line (start 0.8 -0.4) (end 0.8 0.4) (layer F.Fab) (width 0.1))
    (fp_line (start -0.8 -0.4) (end 0.8 -0.4) (layer F.Fab) (width 0.1))
    (fp_line (start -0.8 0.4) (end -0.8 -0.4) (layer F.Fab) (width 0.1))
    (pad 2 smd roundrect (at 0.7875 0 270) (size 0.875 0.95) (layers F.Cu F.Paste F.Mask) (roundrect_rratio 0.25)
      (net 1 GND))
    (pad 1 smd roundrect (at -0.7875 0 270) (size 0.875 0.95) (layers F.Cu F.Paste F.Mask) (roundrect_rratio 0.25)
      (net 70 VDDD))
    (model ${KISYS3DMOD}/Capacitor_SMD.3dshapes/C_0603_1608Metric.wrl
      (at (xyz 0 0 0))
      (scale (xyz 1 1 1))
      (rotate (xyz 0 0 0))
    )
  )

  (module Capacitor_SMD:C_0603_1608Metric (layer F.Cu) (tedit 5DDD3C7F) (tstamp 5DE51D47)
    (at 209.75 79.75 180)
    (descr "Capacitor SMD 0603 (1608 Metric), square (rectangular) end terminal, IPC_7351 nominal, (Body size source: http://www.tortai-tech.com/upload/download/2011102023233369053.pdf), generated with kicad-footprint-generator")
    (tags capacitor)
    (path /599D2CA8)
    (attr smd)
    (fp_text reference C16 (at 0 1.43 180) (layer F.SilkS)
      (effects (font (size 1 1) (thickness 0.15)))
    )
    (fp_text value 47uF (at -4 0 180) (layer F.Fab)
      (effects (font (size 1 1) (thickness 0.15)))
    )
    (fp_line (start -0.8 0.4) (end -0.8 -0.4) (layer F.Fab) (width 0.1))
    (fp_line (start -0.8 -0.4) (end 0.8 -0.4) (layer F.Fab) (width 0.1))
    (fp_line (start 0.8 -0.4) (end 0.8 0.4) (layer F.Fab) (width 0.1))
    (fp_line (start 0.8 0.4) (end -0.8 0.4) (layer F.Fab) (width 0.1))
    (fp_line (start -0.162779 -0.51) (end 0.162779 -0.51) (layer F.SilkS) (width 0.12))
    (fp_line (start -0.162779 0.51) (end 0.162779 0.51) (layer F.SilkS) (width 0.12))
    (fp_line (start -1.48 0.73) (end -1.48 -0.73) (layer F.CrtYd) (width 0.05))
    (fp_line (start -1.48 -0.73) (end 1.48 -0.73) (layer F.CrtYd) (width 0.05))
    (fp_line (start 1.48 -0.73) (end 1.48 0.73) (layer F.CrtYd) (width 0.05))
    (fp_line (start 1.48 0.73) (end -1.48 0.73) (layer F.CrtYd) (width 0.05))
    (fp_text user %R (at 0 0 180) (layer F.Fab)
      (effects (font (size 0.4 0.4) (thickness 0.06)))
    )
    (pad 1 smd roundrect (at -0.7875 0 180) (size 0.875 0.95) (layers F.Cu F.Paste F.Mask) (roundrect_rratio 0.25)
      (net 144 VDDA_M1))
    (pad 2 smd roundrect (at 0.7875 0 180) (size 0.875 0.95) (layers F.Cu F.Paste F.Mask) (roundrect_rratio 0.25)
      (net 1 GND))
    (model ${KISYS3DMOD}/Capacitor_SMD.3dshapes/C_0603_1608Metric.wrl
      (at (xyz 0 0 0))
      (scale (xyz 1 1 1))
      (rotate (xyz 0 0 0))
    )
  )

  (module Capacitor_SMD:C_0603_1608Metric (layer F.Cu) (tedit 5DE449D4) (tstamp 5DA263C1)
    (at 206.25 79.75 180)
    (descr "Capacitor SMD 0603 (1608 Metric), square (rectangular) end terminal, IPC_7351 nominal, (Body size source: http://www.tortai-tech.com/upload/download/2011102023233369053.pdf), generated with kicad-footprint-generator")
    (tags capacitor)
    (path /599D2AAC)
    (attr smd)
    (fp_text reference C18 (at 0 1.43 180) (layer F.SilkS)
      (effects (font (size 1 1) (thickness 0.15)))
    )
    (fp_text value 47uF (at 3.5 0 180) (layer F.Fab)
      (effects (font (size 1 1) (thickness 0.15)))
    )
    (fp_text user %R (at 0 0 180) (layer F.Fab)
      (effects (font (size 0.4 0.4) (thickness 0.06)))
    )
    (fp_line (start 1.48 0.73) (end -1.48 0.73) (layer F.CrtYd) (width 0.05))
    (fp_line (start 1.48 -0.73) (end 1.48 0.73) (layer F.CrtYd) (width 0.05))
    (fp_line (start -1.48 -0.73) (end 1.48 -0.73) (layer F.CrtYd) (width 0.05))
    (fp_line (start -1.48 0.73) (end -1.48 -0.73) (layer F.CrtYd) (width 0.05))
    (fp_line (start -0.162779 0.51) (end 0.162779 0.51) (layer F.SilkS) (width 0.12))
    (fp_line (start -0.162779 -0.51) (end 0.162779 -0.51) (layer F.SilkS) (width 0.12))
    (fp_line (start 0.8 0.4) (end -0.8 0.4) (layer F.Fab) (width 0.1))
    (fp_line (start 0.8 -0.4) (end 0.8 0.4) (layer F.Fab) (width 0.1))
    (fp_line (start -0.8 -0.4) (end 0.8 -0.4) (layer F.Fab) (width 0.1))
    (fp_line (start -0.8 0.4) (end -0.8 -0.4) (layer F.Fab) (width 0.1))
    (pad 2 smd roundrect (at 0.7875 0 180) (size 0.875 0.95) (layers F.Cu F.Paste F.Mask) (roundrect_rratio 0.25)
      (net 1 GND))
    (pad 1 smd roundrect (at -0.7875 0 180) (size 0.875 0.95) (layers F.Cu F.Paste F.Mask) (roundrect_rratio 0.25)
      (net 145 VCCD_M1))
    (model ${KISYS3DMOD}/Capacitor_SMD.3dshapes/C_0603_1608Metric.wrl
      (at (xyz 0 0 0))
      (scale (xyz 1 1 1))
      (rotate (xyz 0 0 0))
    )
  )

  (module Capacitor_SMD:C_0603_1608Metric (layer F.Cu) (tedit 5E710E18) (tstamp 5DDD6196)
    (at 206.25 126.365 180)
    (descr "Capacitor SMD 0603 (1608 Metric), square (rectangular) end terminal, IPC_7351 nominal, (Body size source: http://www.tortai-tech.com/upload/download/2011102023233369053.pdf), generated with kicad-footprint-generator")
    (tags capacitor)
    (path /599EC787)
    (attr smd)
    (fp_text reference C19 (at 0 1.43 180) (layer F.SilkS)
      (effects (font (size 1 1) (thickness 0.15)))
    )
    (fp_text value 0.1uF (at 3.5 0.015 180) (layer F.Fab)
      (effects (font (size 1 1) (thickness 0.15)))
    )
    (fp_line (start -0.8 0.4) (end -0.8 -0.4) (layer F.Fab) (width 0.1))
    (fp_line (start -0.8 -0.4) (end 0.8 -0.4) (layer F.Fab) (width 0.1))
    (fp_line (start 0.8 -0.4) (end 0.8 0.4) (layer F.Fab) (width 0.1))
    (fp_line (start 0.8 0.4) (end -0.8 0.4) (layer F.Fab) (width 0.1))
    (fp_line (start -0.162779 -0.51) (end 0.162779 -0.51) (layer F.SilkS) (width 0.12))
    (fp_line (start -0.162779 0.51) (end 0.162779 0.51) (layer F.SilkS) (width 0.12))
    (fp_line (start -1.48 0.73) (end -1.48 -0.73) (layer F.CrtYd) (width 0.05))
    (fp_line (start -1.48 -0.73) (end 1.48 -0.73) (layer F.CrtYd) (width 0.05))
    (fp_line (start 1.48 -0.73) (end 1.48 0.73) (layer F.CrtYd) (width 0.05))
    (fp_line (start 1.48 0.73) (end -1.48 0.73) (layer F.CrtYd) (width 0.05))
    (fp_text user %R (at 0 0 180) (layer F.Fab)
      (effects (font (size 0.4 0.4) (thickness 0.06)))
    )
    (pad 1 smd roundrect (at -0.7875 0 180) (size 0.875 0.95) (layers F.Cu F.Paste F.Mask) (roundrect_rratio 0.25)
      (net 146 VDDA_M3))
    (pad 2 smd roundrect (at 0.7875 0 180) (size 0.875 0.95) (layers F.Cu F.Paste F.Mask) (roundrect_rratio 0.25)
      (net 1 GND))
